9.188090562820434570e-01
9.223424196243286133e-01
9.679034948348999023e-01
9.237596988677978516e-01
1.018802404403686523e+00
1.035912871360778809e+00
1.037935376167297363e+00
1.057911753654479980e+00
1.070791363716125488e+00
9.398742318153381348e-01
9.358625411987304688e-01
1.050816178321838379e+00
9.708788394927978516e-01
1.011126160621643066e+00
9.081796407699584961e-01
9.967947006225585938e-01
9.994684457778930664e-01
1.014257192611694336e+00
1.028925776481628418e+00
9.359964728355407715e-01
9.216546416282653809e-01
1.051902413368225098e+00
1.034756064414978027e+00
1.020577669143676758e+00
1.041861653327941895e+00
1.014857530593872070e+00
1.023970961570739746e+00
1.028294563293457031e+00
9.251267910003662109e-01
9.284836053848266602e-01
1.008373618125915527e+00
9.762953519821166992e-01
9.106836915016174316e-01
9.187653660774230957e-01
9.946162700653076172e-01
1.067586064338684082e+00
9.217538833618164062e-01
9.625238776206970215e-01
1.032672405242919922e+00
9.518803954124450684e-01
9.518803954124450684e-01
9.385554790496826172e-01
1.019523143768310547e+00
9.212493896484375000e-01
9.158293604850769043e-01
1.014291524887084961e+00
1.056114435195922852e+00
1.057916879653930664e+00
9.281068444252014160e-01
9.298142790794372559e-01
9.366487860679626465e-01
1.027058839797973633e+00
9.713603258132934570e-01
9.553527235984802246e-01
1.041337966918945312e+00
9.924165010452270508e-01
9.916348457336425781e-01
1.008254528045654297e+00
1.028458118438720703e+00
1.026615023612976074e+00
1.003989696502685547e+00
9.621346592903137207e-01
9.917101860046386719e-01
9.906288385391235352e-01
1.057916998863220215e+00
1.037417650222778320e+00
9.182229042053222656e-01
9.307090044021606445e-01
1.020951747894287109e+00
9.237596988677978516e-01
1.056114435195922852e+00
1.009996414184570312e+00
9.130824208259582520e-01
9.519723653793334961e-01
9.348365664482116699e-01
9.589198231697082520e-01
9.448132514953613281e-01
9.416925907135009766e-01
9.670306444168090820e-01
1.000454306602478027e+00
1.001325488090515137e+00
1.016923546791076660e+00
9.232062101364135742e-01
1.049367427825927734e+00
9.069377183914184570e-01
9.351867437362670898e-01
9.719516038894653320e-01
9.998993873596191406e-01
9.586463570594787598e-01
1.057911753654479980e+00
9.608695507049560547e-01
9.778258800506591797e-01
1.002798676490783691e+00
1.005935788154602051e+00
1.057916998863220215e+00
9.237596988677978516e-01
9.337203502655029297e-01
9.121249914169311523e-01
9.213865995407104492e-01
