4.164237529039382935e-03
4.097096621990203857e-03
5.558203905820846558e-03
4.105482250452041626e-03
7.644005119800567627e-03
9.748883545398712158e-03
8.226502686738967896e-03
8.226502686738967896e-03
8.226502686738967896e-03
4.166930913925170898e-03
4.211459308862686157e-03
9.500686079263687134e-03
7.967103272676467896e-03
9.365964680910110474e-03
4.105478525161743164e-03
6.833292543888092041e-03
7.302768528461456299e-03
7.627077400684356689e-03
7.627077400684356689e-03
4.165496677160263062e-03
4.165507853031158447e-03
9.500686079263687134e-03
9.711336344480514526e-03
9.351260960102081299e-03
8.226502686738967896e-03
8.942279964685440063e-03
8.187882602214813232e-03
8.942298591136932373e-03
4.097096621990203857e-03
4.097122699022293091e-03
7.302761077880859375e-03
4.649884998798370361e-03
5.558203905820846558e-03
5.558196455240249634e-03
6.744299083948135376e-03
9.639292955398559570e-03
4.166930913925170898e-03
6.444249302148818970e-03
1.052808016538619995e-02
6.444249302148818970e-03
6.444249302148818970e-03
4.024047404527664185e-03
9.367585182189941406e-03
5.009509623050689697e-03
4.105504602193832397e-03
9.367585182189941406e-03
8.226502686738967896e-03
7.922507822513580322e-03
4.105478525161743164e-03
5.389899015426635742e-03
4.097338765859603882e-03
8.083440363407135010e-03
5.303654819726943970e-03
4.165507853031158447e-03
8.890096098184585571e-03
7.462732493877410889e-03
7.627077400684356689e-03
8.942294865846633911e-03
9.765814989805221558e-03
9.595196694135665894e-03
9.451527148485183716e-03
5.558203905820846558e-03
6.444245576858520508e-03
1.005517691373825073e-02
7.922526448965072632e-03
9.639292955398559570e-03
4.089325666427612305e-03
4.089325666427612305e-03
8.890096098184585571e-03
4.105482250452041626e-03
8.226502686738967896e-03
7.302775979042053223e-03
3.960493952035903931e-03
9.275659918785095215e-03
7.782019674777984619e-03
9.275659918785095215e-03
4.165522754192352295e-03
4.165507853031158447e-03
6.231155246496200562e-03
9.699273854494094849e-03
9.365975856781005859e-03
7.013589143753051758e-03
4.105482250452041626e-03
9.639307856559753418e-03
4.444990307092666626e-03
4.140067845582962036e-03
4.165507853031158447e-03
7.462732493877410889e-03
4.044685512781143188e-03
8.226502686738967896e-03
6.590463221073150635e-03
6.590463221073150635e-03
9.595196694135665894e-03
9.748883545398712158e-03
7.922526448965072632e-03
4.105482250452041626e-03
4.164237529039382935e-03
4.097335040569305420e-03
5.009509623050689697e-03
