1.354076147079467773e+00
1.381760478019714355e+00
1.380592823028564453e+00
1.339765191078186035e+00
1.429623484611511230e+00
1.413250684738159180e+00
1.406614899635314941e+00
1.415842771530151367e+00
1.419200181961059570e+00
1.369141936302185059e+00
1.361870169639587402e+00
1.462436676025390625e+00
1.397053360939025879e+00
1.450250983238220215e+00
1.311669230461120605e+00
1.430157065391540527e+00
1.453671574592590332e+00
1.400223016738891602e+00
1.407663226127624512e+00
1.366196751594543457e+00
1.326026439666748047e+00
1.458228826522827148e+00
1.462213754653930664e+00
1.464090704917907715e+00
1.410362124443054199e+00
1.391941070556640625e+00
1.459052324295043945e+00
1.400480270385742188e+00
1.390706658363342285e+00
1.391597151756286621e+00
1.457561612129211426e+00
1.386847496032714844e+00
1.285577297210693359e+00
1.316099524497985840e+00
1.419762372970581055e+00
1.423786759376525879e+00
1.328211665153503418e+00
1.393479824066162109e+00
1.458927273750305176e+00
1.390053510665893555e+00
1.390053510665893555e+00
1.388455271720886230e+00
1.474234819412231445e+00
1.298478960990905762e+00
1.312208294868469238e+00
1.415340185165405273e+00
1.417713761329650879e+00
1.434267044067382812e+00
1.358950138092041016e+00
1.372326970100402832e+00
1.373992204666137695e+00
1.455777645111083984e+00
1.414814352989196777e+00
1.371275901794433594e+00
1.427511692047119141e+00
1.420356512069702148e+00
1.392280220985412598e+00
1.388574838638305664e+00
1.463897705078125000e+00
1.456099987030029297e+00
1.443687438964843750e+00
1.382931947708129883e+00
1.408163905143737793e+00
1.476756930351257324e+00
1.434267044067382812e+00
1.416877746582031250e+00
1.329936504364013672e+00
1.355573415756225586e+00
1.417737245559692383e+00
1.339765191078186035e+00
1.417713761329650879e+00
1.459306836128234863e+00
1.264942526817321777e+00
1.388518095016479492e+00
1.370202779769897461e+00
1.391774773597717285e+00
1.374088406562805176e+00
1.354787468910217285e+00
1.373329758644104004e+00
1.493085503578186035e+00
1.487599611282348633e+00
1.426468849182128906e+00
1.347610235214233398e+00
1.420318722724914551e+00
1.290448784828186035e+00
1.386824607849121094e+00
1.387115478515625000e+00
1.418061614036560059e+00
1.420123577117919922e+00
1.415842771530151367e+00
1.359159946441650391e+00
1.356822013854980469e+00
1.434165596961975098e+00
1.403746366500854492e+00
1.434267044067382812e+00
1.339765191078186035e+00
1.382343649864196777e+00
1.366738319396972656e+00
1.284352540969848633e+00
