2.184186130762100220e-03
2.049133181571960449e-03
5.022134631872177124e-03
4.752438515424728394e-03
6.205331534147262573e-03
7.174693048000335693e-03
4.294846206903457642e-03
4.294846206903457642e-03
4.294846206903457642e-03
1.352895051240921021e-03
1.362811774015426636e-03
6.680212914943695068e-03
4.093140363693237305e-03
4.795905202627182007e-03
4.752453416585922241e-03
4.016268998384475708e-03
4.514202475547790527e-03
4.968896508216857910e-03
4.968896508216857910e-03
2.288572490215301514e-03
2.288583666086196899e-03
6.680212914943695068e-03
8.981812745332717896e-03
7.136132568120956421e-03
4.294846206903457642e-03
5.123548209667205811e-03
5.165286362171173096e-03
5.123585462570190430e-03
2.049133181571960449e-03
2.049151808023452759e-03
4.514209926128387451e-03
5.736857652664184570e-03
5.022123456001281738e-03
5.022134631872177124e-03
5.447659641504287720e-03
8.121017366647720337e-03
1.352895051240921021e-03
5.369808524847030640e-03
9.640760719776153564e-03
5.369808524847030640e-03
5.369808524847030640e-03
-1.124858856201171875e-03
6.592597812414169312e-03
6.101593375205993652e-03
4.752449691295623779e-03
6.592597812414169312e-03
4.294846206903457642e-03
4.700548946857452393e-03
4.752453416585922241e-03
2.646718174219131470e-03
1.967139542102813721e-03
5.610894411802291870e-03
2.562865614891052246e-03
2.288583666086196899e-03
7.338676601648330688e-03
4.496861249208450317e-03
4.968896508216857910e-03
5.123578011989593506e-03
8.237414062023162842e-03
7.238272577524185181e-03
7.011853158473968506e-03
5.022134631872177124e-03
5.369808524847030640e-03
7.259402424097061157e-03
4.700552672147750854e-03
8.121032267808914185e-03
1.188635826110839844e-03
1.188635826110839844e-03
7.338676601648330688e-03
4.752438515424728394e-03
4.294846206903457642e-03
4.514217376708984375e-03
4.682760685682296753e-03
5.384881049394607544e-03
2.824034541845321655e-03
5.384892225265502930e-03
2.288583666086196899e-03
2.288583666086196899e-03
3.442253917455673218e-03
6.931770592927932739e-03
4.795867949724197388e-03
3.813780844211578369e-03
4.752438515424728394e-03
8.121021091938018799e-03
5.078870803117752075e-03
-9.920783340930938721e-04
2.288583666086196899e-03
4.496861249208450317e-03
-1.022357493638992310e-03
4.294846206903457642e-03
3.919057548046112061e-03
3.919057548046112061e-03
7.238272577524185181e-03
7.174693048000335693e-03
4.700552672147750854e-03
4.752438515424728394e-03
2.184186130762100220e-03
1.967132091522216797e-03
6.101593375205993652e-03
