1.024006903171539307e-01
1.025967001914978027e-01
1.031764894723892212e-01
1.025770008563995361e-01
1.249100416898727417e-01
1.264047026634216309e-01
1.265890896320343018e-01
1.258517056703567505e-01
1.264287531375885010e-01
1.048385798931121826e-01
1.025769710540771484e-01
1.280874162912368774e-01
1.188077926635742188e-01
1.264775693416595459e-01
1.025768071413040161e-01
1.153405606746673584e-01
1.137019991874694824e-01
1.245592236518859863e-01
1.240948885679244995e-01
1.026041358709335327e-01
1.025770157575607300e-01
1.273378133773803711e-01
1.265056431293487549e-01
1.268128454685211182e-01
1.262067109346389771e-01
1.265210658311843872e-01
1.253435313701629639e-01
1.265707015991210938e-01
1.023176014423370361e-01
1.026183515787124634e-01
1.182024180889129639e-01
1.265571415424346924e-01
1.025786846876144409e-01
1.026075184345245361e-01
1.249042302370071411e-01
1.264957189559936523e-01
1.038032621145248413e-01
1.025684773921966553e-01
1.265849769115447998e-01
1.025964915752410889e-01
1.025964915752410889e-01
1.026619374752044678e-01
1.264941692352294922e-01
1.211495697498321533e-01
1.054267883300781250e-01
1.264987289905548096e-01
1.265857368707656860e-01
1.264750510454177856e-01
1.022025048732757568e-01
1.109337061643600464e-01
1.025782525539398193e-01
1.264755427837371826e-01
1.025768667459487915e-01
1.034270972013473511e-01
1.290202140808105469e-01
1.230814903974533081e-01
1.217157691717147827e-01
1.257962882518768311e-01
1.265852153301239014e-01
1.280912309885025024e-01
1.265859752893447876e-01
1.025767028331756592e-01
1.083671897649765015e-01
1.265861988067626953e-01
1.264750957489013672e-01
1.276064664125442505e-01
1.026090979576110840e-01
1.020803451538085938e-01
1.261760890483856201e-01
1.025770008563995361e-01
1.265857368707656860e-01
1.202444732189178467e-01
1.265860944986343384e-01
1.045981347560882568e-01
1.023519039154052734e-01
1.052130460739135742e-01
1.025763154029846191e-01
1.023582369089126587e-01
1.064967215061187744e-01
1.265860348939895630e-01
1.264307796955108643e-01
1.251842379570007324e-01
1.025992780923843384e-01
1.254626065492630005e-01
1.086233407258987427e-01
1.024555116891860962e-01
1.049564331769943237e-01
1.255703270435333252e-01
1.053590178489685059e-01
1.258517056703567505e-01
1.025773733854293823e-01
1.025779545307159424e-01
1.265849322080612183e-01
1.264640390872955322e-01
1.264750957489013672e-01
1.025770008563995361e-01
1.051001697778701782e-01
1.025782972574234009e-01
1.227044761180877686e-01
