3.315840959548950195e-01
3.316465318202972412e-01
3.316521048545837402e-01
3.316438794136047363e-01
3.321927487850189209e-01
3.323472142219543457e-01
3.324356675148010254e-01
3.324356675148010254e-01
3.324356675148010254e-01
3.316576480865478516e-01
3.316380083560943604e-01
3.323407769203186035e-01
3.322414159774780273e-01
3.323111236095428467e-01
3.316438794136047363e-01
3.322871923446655273e-01
3.322607278823852539e-01
3.321124613285064697e-01
3.321124613285064697e-01
3.316315710544586182e-01
3.316315710544586182e-01
3.323407769203186035e-01
3.322044610977172852e-01
3.325127661228179932e-01
3.324356675148010254e-01
3.320768177509307861e-01
3.324516415596008301e-01
3.320768177509307861e-01
3.316465318202972412e-01
3.316465318202972412e-01
3.322607278823852539e-01
3.317932486534118652e-01
3.316521048545837402e-01
3.316521048545837402e-01
3.324356675148010254e-01
3.323466479778289795e-01
3.316576480865478516e-01
3.316378891468048096e-01
3.323286771774291992e-01
3.316378891468048096e-01
3.316378891468048096e-01
3.317329883575439453e-01
3.323659896850585938e-01
3.317957520484924316e-01
3.316438794136047363e-01
3.323659896850585938e-01
3.324356675148010254e-01
3.323568701744079590e-01
3.316438794136047363e-01
3.323239088058471680e-01
3.316469788551330566e-01
3.325447738170623779e-01
3.317730724811553955e-01
3.316315710544586182e-01
3.323076069355010986e-01
3.322652578353881836e-01
3.321124613285064697e-01
3.320768177509307861e-01
3.324363827705383301e-01
3.326277136802673340e-01
3.324632048606872559e-01
3.316521048545837402e-01
3.316378891468048096e-01
3.324235975742340088e-01
3.323568701744079590e-01
3.323466479778289795e-01
3.316375017166137695e-01
3.316375017166137695e-01
3.323076069355010986e-01
3.316438794136047363e-01
3.324356675148010254e-01
3.322607576847076416e-01
3.318517804145812988e-01
3.319103419780731201e-01
3.314057290554046631e-01
3.319103419780731201e-01
3.316316008567810059e-01
3.316315710544586182e-01
3.316659927368164062e-01
3.324261307716369629e-01
3.323111236095428467e-01
3.324515223503112793e-01
3.316438794136047363e-01
3.323466479778289795e-01
3.316739797592163086e-01
3.317037224769592285e-01
3.316315710544586182e-01
3.322652578353881836e-01
3.317397832870483398e-01
3.324356675148010254e-01
3.316328823566436768e-01
3.316328823566436768e-01
3.326277136802673340e-01
3.323472142219543457e-01
3.323568701744079590e-01
3.316438794136047363e-01
3.315840959548950195e-01
3.316469788551330566e-01
3.317957520484924316e-01
