3.316017091274261475e-01
3.316650688648223877e-01
3.316718935966491699e-01
3.316682577133178711e-01
3.322173058986663818e-01
3.323727250099182129e-01
3.324605524539947510e-01
3.324605524539947510e-01
3.324605524539947510e-01
3.316840231418609619e-01
3.316644430160522461e-01
3.323665559291839600e-01
3.322682380676269531e-01
3.323418796062469482e-01
3.316682577133178711e-01
3.323180377483367920e-01
3.322930634021759033e-01
3.321477174758911133e-01
3.321477174758911133e-01
3.316658437252044678e-01
3.316658437252044678e-01
3.323665559291839600e-01
3.322171568870544434e-01
3.325391113758087158e-01
3.324605524539947510e-01
3.321078121662139893e-01
3.324776887893676758e-01
3.321078121662139893e-01
3.316650688648223877e-01
3.316650688648223877e-01
3.322930634021759033e-01
3.318105936050415039e-01
3.316718935966491699e-01
3.316718935966491699e-01
3.324626684188842773e-01
3.323793411254882812e-01
3.316840231418609619e-01
3.316453993320465088e-01
3.323530852794647217e-01
3.316453993320465088e-01
3.316453993320465088e-01
3.317752778530120850e-01
3.323872089385986328e-01
3.318232297897338867e-01
3.316682577133178711e-01
3.323872089385986328e-01
3.324605524539947510e-01
3.323778212070465088e-01
3.316682577133178711e-01
3.323380053043365479e-01
3.316640555858612061e-01
3.325650691986083984e-01
3.318096101284027100e-01
3.316658437252044678e-01
3.323266804218292236e-01
3.322862386703491211e-01
3.321477174758911133e-01
3.321078121662139893e-01
3.324627280235290527e-01
3.326449394226074219e-01
3.324748277664184570e-01
3.316718935966491699e-01
3.316453695297241211e-01
3.324428200721740723e-01
3.323778212070465088e-01
3.323793411254882812e-01
3.316645920276641846e-01
3.316645920276641846e-01
3.323266804218292236e-01
3.316682577133178711e-01
3.324605524539947510e-01
3.322930634021759033e-01
3.318777084350585938e-01
3.319364786148071289e-01
3.314372599124908447e-01
3.319364786148071289e-01
3.316658437252044678e-01
3.316658437252044678e-01
3.316977024078369141e-01
3.324529826641082764e-01
3.323418796062469482e-01
3.324767351150512695e-01
3.316682577133178711e-01
3.323793411254882812e-01
3.316985070705413818e-01
3.317467868328094482e-01
3.316658437252044678e-01
3.322862386703491211e-01
3.317816555500030518e-01
3.324605524539947510e-01
3.316664397716522217e-01
3.316664397716522217e-01
3.326449394226074219e-01
3.323727250099182129e-01
3.323778212070465088e-01
3.316682577133178711e-01
3.316017091274261475e-01
3.316640555858612061e-01
3.318232297897338867e-01
