1.746760495007038116e-02
7.467780378647148609e-04
9.859803831204771996e-04
1.003483077511191368e-03
5.889161825180053711e-01
9.748545885086059570e-01
6.847371459007263184e-01
6.847371459007263184e-01
6.847371459007263184e-01
6.184256053529679775e-04
8.867989527061581612e-04
6.749064922332763672e-01
4.388254582881927490e-01
8.888875842094421387e-01
1.003483077511191368e-03
7.001044577918946743e-04
1.219231858849525452e-01
2.877720892429351807e-01
2.877720892429351807e-01
1.032654079608619213e-03
1.032654079608619213e-03
6.749064922332763672e-01
8.910403847694396973e-01
9.759105443954467773e-01
6.847371459007263184e-01
7.107927203178405762e-01
3.376020193099975586e-01
7.107868790626525879e-01
7.467780378647148609e-04
7.409438840113580227e-04
1.219290196895599365e-01
4.652194082736968994e-01
9.859803831204771996e-04
9.859803831204771996e-04
5.711743831634521484e-01
9.769607186317443848e-01
6.184256053529679775e-04
1.254353788681328297e-03
1.000000000000000000e+00
1.254353788681328297e-03
1.254353788681328297e-03
1.935788691043853760e-01
9.771240949630737305e-01
6.872458457946777344e-01
1.003483077511191368e-03
9.771240949630737305e-01
6.847371459007263184e-01
9.993057250976562500e-01
1.003483077511191368e-03
4.256693422794342041e-01
7.526122499257326126e-04
8.517937064170837402e-01
1.602947413921356201e-01
1.032654079608619213e-03
9.771357774734497070e-01
9.586763381958007812e-01
2.877720892429351807e-01
7.107927203178405762e-01
9.986581206321716309e-01
9.990490078926086426e-01
9.988214969635009766e-01
9.859803831204771996e-04
1.254353788681328297e-03
9.985414743423461914e-01
9.993057250976562500e-01
9.769607186317443848e-01
0.000000000000000000e+00
0.000000000000000000e+00
9.771357774734497070e-01
1.003483077511191368e-03
6.847371459007263184e-01
1.219231858849525452e-01
1.350443065166473389e-01
9.608933329582214355e-01
6.390553116798400879e-01
9.608991742134094238e-01
1.032654079608619213e-03
1.032654079608619213e-03
1.808428019285202026e-01
9.886874556541442871e-01
8.888875842094421387e-01
8.432291150093078613e-01
1.003483077511191368e-03
9.769607186317443848e-01
1.799968481063842773e-01
1.551373153924942017e-01
1.032654079608619213e-03
9.586763381958007812e-01
2.188001424074172974e-01
6.847371459007263184e-01
8.520796298980712891e-01
8.520796298980712891e-01
9.990490078926086426e-01
9.748545885086059570e-01
9.993057250976562500e-01
1.003483077511191368e-03
1.746760495007038116e-02
7.526122499257326126e-04
6.872458457946777344e-01
