0.000000000000000000e+00
2.272727340459823608e-02
0.000000000000000000e+00
2.272727340459823608e-02
7.386363744735717773e-01
9.204545617103576660e-01
9.772727489471435547e-01
9.772727489471435547e-01
9.772727489471435547e-01
2.272727340459823608e-02
2.272727340459823608e-02
8.977272510528564453e-01
8.409090638160705566e-01
9.090909361839294434e-01
2.272727340459823608e-02
8.977272510528564453e-01
8.636363744735717773e-01
7.159090638160705566e-01
7.159090638160705566e-01
3.409091010689735413e-02
3.409091010689735413e-02
8.977272510528564453e-01
7.500000000000000000e-01
9.659090638160705566e-01
9.772727489471435547e-01
6.477272510528564453e-01
9.772727489471435547e-01
6.477272510528564453e-01
2.272727340459823608e-02
2.272727340459823608e-02
8.636363744735717773e-01
1.250000000000000000e-01
0.000000000000000000e+00
0.000000000000000000e+00
9.772727489471435547e-01
9.204545617103576660e-01
2.272727340459823608e-02
1.136363670229911804e-02
9.090909361839294434e-01
1.136363670229911804e-02
1.136363670229911804e-02
2.840909063816070557e-01
9.204545617103576660e-01
1.250000000000000000e-01
2.272727340459823608e-02
9.204545617103576660e-01
9.772727489471435547e-01
8.863636255264282227e-01
2.272727340459823608e-02
8.977272510528564453e-01
3.409091010689735413e-02
9.886363744735717773e-01
2.840909063816070557e-01
3.409091010689735413e-02
8.863636255264282227e-01
7.954545617103576660e-01
7.159090638160705566e-01
6.477272510528564453e-01
9.659090638160705566e-01
1.000000000000000000e+00
9.772727489471435547e-01
0.000000000000000000e+00
1.136363670229911804e-02
9.318181872367858887e-01
8.863636255264282227e-01
9.204545617103576660e-01
2.272727340459823608e-02
2.272727340459823608e-02
8.863636255264282227e-01
2.272727340459823608e-02
9.772727489471435547e-01
8.636363744735717773e-01
2.500000000000000000e-01
4.090909063816070557e-01
0.000000000000000000e+00
4.090909063816070557e-01
3.409091010689735413e-02
3.409091010689735413e-02
6.818182021379470825e-02
9.659090638160705566e-01
9.090909361839294434e-01
9.659090638160705566e-01
2.272727340459823608e-02
9.204545617103576660e-01
5.681818351149559021e-02
2.613636255264282227e-01
3.409091010689735413e-02
7.954545617103576660e-01
2.954545319080352783e-01
9.772727489471435547e-01
2.272727340459823608e-02
2.272727340459823608e-02
1.000000000000000000e+00
9.204545617103576660e-01
8.863636255264282227e-01
2.272727340459823608e-02
0.000000000000000000e+00
3.409091010689735413e-02
1.250000000000000000e-01
