9.811637923121452332e-03
1.099528395570814610e-03
1.919488161802291870e-01
1.141586806625127792e-03
7.250998616218566895e-01
9.715805053710937500e-01
8.502718806266784668e-01
8.502718806266784668e-01
8.502718806266784668e-01
0.000000000000000000e+00
6.392885930836200714e-03
9.929101467132568359e-01
5.612821578979492188e-01
8.771291971206665039e-01
1.135578495450317860e-03
6.995163559913635254e-01
5.920449495315551758e-01
5.527322888374328613e-01
5.527322888374328613e-01
1.165620167739689350e-03
1.159611856564879417e-03
9.929101467132568359e-01
9.696097373962402344e-01
9.793132543563842773e-01
8.502718806266784668e-01
8.342896699905395508e-01
8.248925805091857910e-01
8.342896699905395508e-01
1.099528395570814610e-03
1.099528395570814610e-03
5.920509696006774902e-01
2.096253782510757446e-01
1.919488161802291870e-01
1.919488161802291870e-01
4.810466468334197998e-01
9.869799017906188965e-01
0.000000000000000000e+00
2.654970288276672363e-01
1.000000000000000000e+00
2.654970288276672363e-01
2.654970288276672363e-01
3.124342765659093857e-04
9.883137345314025879e-01
3.076336085796356201e-01
1.141586806625127792e-03
9.883137345314025879e-01
8.502718806266784668e-01
8.829272985458374023e-01
1.135578495450317860e-03
1.669781059026718140e-01
1.093519967980682850e-03
8.680926561355590820e-01
2.142638266086578369e-01
1.159611856564879417e-03
9.193979501724243164e-01
6.717457175254821777e-01
5.527322888374328613e-01
8.342896699905395508e-01
9.885480999946594238e-01
9.931985735893249512e-01
9.929281473159790039e-01
1.919488161802291870e-01
2.654910385608673096e-01
9.920209050178527832e-01
8.829272985458374023e-01
9.869859218597412109e-01
1.111545017920434475e-03
1.111545017920434475e-03
9.193979501724243164e-01
1.141586806625127792e-03
8.502718806266784668e-01
5.920449495315551758e-01
2.882206253707408905e-02
8.172079324722290039e-01
4.753807783126831055e-01
8.172079324722290039e-01
1.159611856564879417e-03
1.159611856564879417e-03
2.421966493129730225e-01
9.928200244903564453e-01
8.771231770515441895e-01
6.574819087982177734e-01
1.141586806625127792e-03
9.869799017906188965e-01
6.844113022089004517e-02
1.105536706745624542e-03
1.159611856564879417e-03
6.717457175254821777e-01
1.321837335126474500e-04
8.502718806266784668e-01
9.928800910711288452e-02
9.928800910711288452e-02
9.931985735893249512e-01
9.715805053710937500e-01
8.829272985458374023e-01
1.141586806625127792e-03
9.811637923121452332e-03
1.087511656805872917e-03
3.076336085796356201e-01
