1.078998483717441559e-02
4.529271100182086229e-04
4.810200631618499756e-02
4.471938591450452805e-04
5.587572455406188965e-01
9.950522184371948242e-01
8.717356324195861816e-01
8.717356324195861816e-01
8.717356324195861816e-01
0.000000000000000000e+00
7.911891443654894829e-04
8.735473155975341797e-01
6.387246847152709961e-01
9.150847792625427246e-01
4.529271100182086229e-04
4.583794474601745605e-01
3.982777297496795654e-01
5.374352931976318359e-01
5.374352931976318359e-01
4.815933934878557920e-04
4.701268626376986504e-04
8.735473155975341797e-01
9.542601108551025391e-01
9.950407147407531738e-01
8.717356324195861816e-01
8.585720658302307129e-01
5.903704166412353516e-01
8.585777878761291504e-01
4.529271100182086229e-04
4.529271100182086229e-04
3.982777297496795654e-01
1.469777077436447144e-01
4.810200631618499756e-02
4.809053987264633179e-02
6.140086054801940918e-01
9.948687553405761719e-01
0.000000000000000000e+00
1.760682463645935059e-01
1.000000000000000000e+00
1.760682463645935059e-01
1.760682463645935059e-01
6.392579060047864914e-03
9.947712421417236328e-01
2.626518607139587402e-01
4.529271100182086229e-04
9.947712421417236328e-01
8.717356324195861816e-01
9.956427216529846191e-01
4.529271100182086229e-04
2.078132778406143188e-01
4.471938591450452805e-04
8.234157562255859375e-01
1.445009559392929077e-01
4.701268626376986504e-04
9.160708785057067871e-01
9.157096743583679199e-01
5.374352931976318359e-01
8.585720658302307129e-01
9.961300492286682129e-01
9.960325956344604492e-01
9.945419430732727051e-01
4.810200631618499756e-02
1.760682463645935059e-01
9.948974251747131348e-01
9.956427216529846191e-01
9.948801994323730469e-01
6.306580326054245234e-05
6.306580326054245234e-05
9.160708785057067871e-01
4.471938591450452805e-04
8.717356324195861816e-01
3.982777297496795654e-01
2.458419650793075562e-02
9.499486684799194336e-01
5.765360593795776367e-01
9.499486684799194336e-01
4.701268626376986504e-04
4.701268626376986504e-04
3.005486726760864258e-01
9.969843029975891113e-01
9.150905013084411621e-01
8.748086690902709961e-01
4.471938591450452805e-04
9.948687553405761719e-01
8.614215254783630371e-02
4.586603608913719654e-04
4.701268626376986504e-04
9.157096743583679199e-01
8.078156039118766785e-03
8.717356324195861816e-01
4.947053492069244385e-01
4.947053492069244385e-01
9.960325956344604492e-01
9.950522184371948242e-01
9.956427216529846191e-01
4.471938591450452805e-04
1.078998483717441559e-02
4.471938591450452805e-04
2.626518607139587402e-01
