5.966642129351384938e-05
3.056903369724750519e-05
3.058221409446559846e-05
1.108011747419368476e-05
3.059540176764130592e-05
1.105275441659614444e-05
9.815942030400037766e-05
3.055980414501391351e-05
3.052884130738675594e-05
3.063695839955471456e-05
5.960290218354202807e-05
1.107853040593909100e-05
3.061188908759504557e-05
1.104799866880057380e-05
3.056375862797722220e-05
1.110393895942252129e-05
3.057825961150228977e-05
3.059803930227644742e-05
5.972997678327374160e-05
1.103334307117620483e-05
1.105433966586133465e-05
1.464528177166357636e-04
5.965353193460032344e-05
3.058221409446559846e-05
1.108487958845216781e-05
1.108805463445605710e-05
3.049328188353683800e-05
1.101750967791303992e-05
1.106702620745636523e-05
1.108726064558140934e-05
9.834493539528921247e-05
1.109758341044653207e-05
1.109202457882929593e-05
1.108726064558140934e-05
1.105909632315160707e-05
3.057430512853898108e-05
1.107138905354076996e-05
1.107138905354076996e-05
1.106226773117668927e-05
1.105513183574657887e-05
3.053410910069942474e-05
1.106147465179674327e-05
3.056903369724750519e-05
5.979448542348109186e-05
3.048735925403889269e-05
3.055321576539427042e-05
3.066863791900686920e-05
3.056639616261236370e-05
1.105354658648138866e-05
9.824920562095940113e-05
9.823738946579396725e-05
1.108487958845216781e-05
9.830475028138607740e-05
3.055453271372243762e-05
5.968115510768257082e-05
3.057958019780926406e-05
3.055980414501391351e-05
1.107376920117530972e-05
3.057825961150228977e-05
3.058617221540771425e-05
5.967563265585340559e-05
3.057430512853898108e-05
3.063563781324774027e-05
5.966089884168468416e-05
3.059144728467799723e-05
9.830475028138607740e-05
1.108487958845216781e-05
1.107535626942990348e-05
3.062376345042139292e-05
3.057825961150228977e-05
1.109043660108000040e-05
3.058221409446559846e-05
1.108567357732681558e-05
3.058221409446559846e-05
1.109123058995464817e-05
1.108487958845216781e-05
5.967194738332182169e-05
3.056639616261236370e-05
3.055453271372243762e-05
9.831420175032690167e-05
3.054465196328237653e-05
3.057430512853898108e-05
3.054596891161054373e-05
5.965169111732393503e-05
3.058353468077257276e-05
9.828584006754681468e-05
3.055717024835757911e-05
3.055189881706610322e-05
5.969405174255371094e-05
3.057298818021081388e-05
1.113056896429043263e-05
3.057825961150228977e-05
5.971431528450921178e-05
1.108408559957752004e-05
1.109123058995464817e-05
5.967563265585340559e-05
3.057166759390383959e-05
3.057562207686714828e-05
3.058748916373588145e-05
1.464528177166357636e-04
5.966089884168468416e-05
3.058353468077257276e-05
3.056507921428419650e-05
5.967378820059821010e-05
3.049986662517767400e-05
1.108487958845216781e-05
9.831656643655151129e-05
5.967194738332182169e-05
3.054860280826687813e-05
3.052752435905858874e-05
5.960290218354202807e-05
1.107297612179536372e-05
1.109917229769052938e-05
5.967747347312979400e-05
9.830475028138607740e-05
3.057958019780926406e-05
1.109917229769052938e-05
1.108329161070287228e-05
3.052225292776711285e-05
9.830710769165307283e-05
5.966089884168468416e-05
3.057694266317412257e-05
5.966642129351384938e-05
3.057298818021081388e-05
3.057035064557567239e-05
9.831420175032690167e-05
5.966273965896107256e-05
1.110751418309519067e-05
5.965537275187671185e-05
3.057825961150228977e-05
1.108646665670676157e-05
1.106544004869647324e-05
3.055717024835757911e-05
5.962683280813507736e-05
1.107614934880984947e-05
5.965537275187671185e-05
1.105988940253155306e-05
3.059935988858342171e-05
3.054201442864723504e-05
1.109202457882929593e-05
1.109202457882929593e-05
9.825865708990022540e-05
3.056903369724750519e-05
1.107773641706444323e-05
3.059408481931313872e-05
9.828819747781381011e-05
3.058353468077257276e-05
3.056639616261236370e-05
3.057298818021081388e-05
5.968852565274573863e-05
5.968299956293776631e-05
5.965537275187671185e-05
1.107932348531903699e-05
1.108249853132292628e-05
1.107773641706444323e-05
5.966458047623746097e-05
3.058353468077257276e-05
1.107773641706444323e-05
1.109202457882929593e-05
3.056771311094053090e-05
1.108884862333070487e-05
1.107694333768449724e-05
5.967931429040618241e-05
3.052752435905858874e-05
3.053410910069942474e-05
3.048999133170582354e-05
1.106385388993658125e-05
1.106226773117668927e-05
3.053410910069942474e-05
5.959922054898925126e-05
3.054596891161054373e-05
3.054069748031906784e-05
1.106464696931652725e-05
3.052752435905858874e-05
1.463244552724063396e-04
3.053279215237125754e-05
3.053674299735575914e-05
3.054201442864723504e-05
3.052620741073042154e-05
1.106464696931652725e-05
3.051566818612627685e-05
1.106068157241679728e-05
3.053410910069942474e-05
1.106226773117668927e-05
1.105671799450647086e-05
1.106306081055663526e-05
1.105196133721619844e-05
3.058353468077257276e-05
1.105909632315160707e-05
3.057825961150228977e-05
1.108408559957752004e-05
5.963051444268785417e-05
1.107376920117530972e-05
1.107614934880984947e-05
1.107614934880984947e-05
3.055189881706610322e-05
1.105751016439171508e-05
1.107694333768449724e-05
3.056375862797722220e-05
1.107694333768449724e-05
5.967747347312979400e-05
1.105513183574657887e-05
3.055058186873793602e-05
1.106147465179674327e-05
1.108567357732681558e-05
1.108091055357363075e-05
1.107773641706444323e-05
1.109837830881588161e-05
1.105830324377166107e-05
3.060331437154673040e-05
3.053279215237125754e-05
5.967378820059821010e-05
1.103017530112992972e-05
3.054596891161054373e-05
3.055980414501391351e-05
1.106702620745636523e-05
1.104720649891532958e-05
1.109440654545323923e-05
3.055321576539427042e-05
1.103096747101517394e-05
1.106306081055663526e-05
1.108170454244827852e-05
1.107456228055525571e-05
3.051171734114177525e-05
3.056507921428419650e-05
3.050644954782910645e-05
5.966642129351384938e-05
1.108964261220535263e-05
1.106980289478087798e-05
1.105751016439171508e-05
3.058353468077257276e-05
3.058880975004285574e-05
1.104324473999440670e-05
3.051435123779810965e-05
1.107932348531903699e-05
9.822320862440392375e-05
1.107297612179536372e-05
3.056903369724750519e-05
1.111466644942993298e-05
3.057825961150228977e-05
1.104245257010916248e-05
5.963880175841040909e-05
1.105354658648138866e-05
3.055058186873793602e-05
1.110314406105317175e-05
1.106980289478087798e-05
3.052620741073042154e-05
3.050776649615727365e-05
3.055189881706610322e-05
5.957161556580103934e-05
1.108964261220535263e-05
3.047156315005850047e-05
1.106306081055663526e-05
3.045314042537938803e-05
1.106226773117668927e-05
5.965721356915310025e-05
1.108884862333070487e-05
1.104641432903008536e-05
3.060067683691158891e-05
5.964985030004754663e-05
9.817359386943280697e-05
9.820903505897149444e-05
3.048999133170582354e-05
3.053674299735575914e-05
3.053938053199090064e-05
1.108091055357363075e-05
1.106623312807641923e-05
9.827401663642376661e-05
5.964432421023957431e-05
1.106306081055663526e-05
1.104482907976489514e-05
1.105988940253155306e-05
1.106226773117668927e-05
5.959922054898925126e-05
1.102463374991202727e-05
3.055717024835757911e-05
5.960474300081841648e-05
3.051698513445444405e-05
1.105196133721619844e-05
1.102780061046360061e-05
3.055848719668574631e-05
1.106702620745636523e-05
1.106702620745636523e-05
1.105671799450647086e-05
5.957345638307742774e-05
1.109996628656517714e-05
3.054069748031906784e-05
5.965353193460032344e-05
5.966458047623746097e-05
3.060463495785370469e-05
3.056903369724750519e-05
3.057825961150228977e-05
1.107456228055525571e-05
1.107614934880984947e-05
3.056507921428419650e-05
3.054596891161054373e-05
1.105592491512652487e-05
1.103017530112992972e-05
3.057430512853898108e-05
3.053279215237125754e-05
3.054465196328237653e-05
5.968668119749054313e-05
3.056507921428419650e-05
3.053674299735575914e-05
1.106544004869647324e-05
1.106306081055663526e-05
3.056112473132088780e-05
1.108884862333070487e-05
1.107535626942990348e-05
3.056507921428419650e-05
5.962867362541146576e-05
1.109361255657859147e-05
1.108329161070287228e-05
3.054860280826687813e-05
3.057035064557567239e-05
9.836976823862642050e-05
3.056507921428419650e-05
1.107614934880984947e-05
5.963880175841040909e-05
5.964985030004754663e-05
1.108726064558140934e-05
1.110473294829716906e-05
3.057825961150228977e-05
9.821375715546309948e-05
3.050249870284460485e-05
1.108170454244827852e-05
1.101671841752249748e-05
5.949527258053421974e-05
3.222883242415264249e-05
1.463619555579498410e-04
1.105116916733095422e-05
1.104958391806576401e-05
1.100959798350231722e-05
1.103373870137147605e-05
3.051961903111077845e-05
1.109043660108000040e-05
1.104879174818051979e-05
1.107297612179536372e-05
1.102780061046360061e-05
1.104799866880057380e-05
3.058880975004285574e-05
1.107138905354076996e-05
1.104799866880057380e-05
1.105830324377166107e-05
3.052884130738675594e-05
5.962131035630591214e-05
3.049854967684950680e-05
1.103928389056818560e-05
5.962683280813507736e-05
3.046893107239156961e-05
3.055717024835757911e-05
3.040776573470793664e-05
9.821612184168770909e-05
1.100168810808099806e-05
5.955873348284512758e-05
5.959737973171286285e-05
5.962499199085868895e-05
1.107059597416082397e-05
5.963419971521943808e-05
3.063035910599865019e-05
1.102938404073938727e-05
3.056244167964905500e-05
3.051303428946994245e-05
9.819958359003067017e-05
3.056112473132088780e-05
3.057298818021081388e-05
3.056112473132088780e-05
3.053542604902759194e-05
3.058353468077257276e-05
1.105354658648138866e-05
3.053938053199090064e-05
1.108964261220535263e-05
9.830947237787768245e-05
9.833784133661538363e-05
3.053147520404309034e-05
5.969036647002212703e-05
3.058221409446559846e-05
5.974287341814488173e-05
3.052225292776711285e-05
1.104007606045342982e-05
5.963696094113402069e-05
3.057958019780926406e-05
5.967931429040618241e-05
3.059672235394828022e-05
3.054728585993871093e-05
3.057166759390383959e-05
5.963235525996424258e-05
1.106980289478087798e-05
1.107059597416082397e-05
1.107218213292071596e-05
1.108091055357363075e-05
3.054069748031906784e-05
5.963604053249582648e-05
3.055585330002941191e-05
1.108329161070287228e-05
1.106980289478087798e-05
5.967931429040618241e-05
3.056375862797722220e-05
3.054728585993871093e-05
1.106068157241679728e-05
1.107297612179536372e-05
1.107376920117530972e-05
5.966642129351384938e-05
1.107932348531903699e-05
1.108091055357363075e-05
1.108170454244827852e-05
1.108408559957752004e-05
1.107932348531903699e-05
5.963604053249582648e-05
1.108091055357363075e-05
1.105592491512652487e-05
1.110314406105317175e-05
1.106147465179674327e-05
3.052620741073042154e-05
3.051171734114177525e-05
1.111228175432188436e-05
5.962131035630591214e-05
1.108091055357363075e-05
1.107456228055525571e-05
1.103690738091245294e-05
1.102859187085414305e-05
5.974656232865527272e-05
3.053015825571492314e-05
3.054201442864723504e-05
5.963235525996424258e-05
1.107773641706444323e-05
1.106226773117668927e-05
1.106544004869647324e-05
1.105988940253155306e-05
1.104007606045342982e-05
3.047419522772543132e-05
5.967931429040618241e-05
3.055321576539427042e-05
5.965169111732393503e-05
1.100326971936738119e-05
5.968484038021415472e-05
3.057958019780926406e-05
1.104324473999440670e-05
9.832129580900073051e-05
3.054728585993871093e-05
3.052752435905858874e-05
3.056375862797722220e-05
3.047945938305929303e-05
5.957529720035381615e-05
1.106702620745636523e-05
1.102938404073938727e-05
9.830002090893685818e-05
3.056244167964905500e-05
3.053542604902759194e-05
1.105671799450647086e-05
