2.423226499085450181e-01
1.945214197690657287e-01
2.493749797830537573e-01
0.000000000000000000e+00
6.139929002984794160e-01
6.059279014834706434e-01
6.342114799589446683e-01
6.342114799589446683e-01
6.342114799589446683e-01
3.613693337131318462e-01
2.057329263417228826e-01
7.921341161950768983e-01
5.642913897619065144e-01
5.934018962592350066e-01
0.000000000000000000e+00
3.794555446949057220e-01
5.256618049529070413e-01
5.237082966647771398e-01
5.237082966647771398e-01
1.963883321414643668e-01
1.963883321414643668e-01
7.921341161950768983e-01
9.652068200701603429e-01
9.652068200701603429e-01
6.342114799589446683e-01
5.237451964307904273e-01
8.131777292300037541e-01
5.237451964307904273e-01
1.945214197690657287e-01
1.945214197690657287e-01
5.256618049529070413e-01
6.436801994913535774e-01
2.493749797830537573e-01
2.493749797830537573e-01
4.826960205083698496e-01
5.981372809437788263e-01
3.613693337131318462e-01
2.749613737311201178e-01
1.000000000000000000e+00
2.749613737311201178e-01
2.749613737311201178e-01
2.035266761692262616e-01
7.049282942049083234e-01
9.859607915914700982e-01
0.000000000000000000e+00
7.049282942049083234e-01
6.342114799589446683e-01
6.334687536432759281e-01
0.000000000000000000e+00
5.285692792123124484e-01
1.237399694997202981e-01
8.254352309973611579e-01
2.068453867266547286e-01
1.963883321414643668e-01
8.336823798439118027e-01
5.642913897618913044e-01
5.237082966647771398e-01
5.237451964307904273e-01
9.655692891544719325e-01
9.197308439599884977e-01
8.924711344819235004e-01
2.493749797830537573e-01
2.749613737311201178e-01
8.725284775339601229e-01
6.334687536432759281e-01
5.981372809437788263e-01
7.584579467036607625e-02
7.584579467036607625e-02
8.336823798439118027e-01
0.000000000000000000e+00
6.342114799589446683e-01
5.256618049529070413e-01
8.071730968823084273e-01
2.703784839839752374e-01
3.480975965070876033e-01
2.703784839839752374e-01
1.963883321414643668e-01
1.963883321414643668e-01
7.290114487006300881e-02
9.593046095566837295e-01
5.934018962592350066e-01
6.320708868365272348e-01
0.000000000000000000e+00
5.981372809437788263e-01
3.238755167738106566e-01
1.090600209288562078e-01
1.963883321414643668e-01
5.642913897618913044e-01
4.271470034118868275e-01
6.342114799589446683e-01
1.314378788882750171e-01
1.314378788882750171e-01
9.197308439599884977e-01
6.059279014834706434e-01
6.334687536432759281e-01
0.000000000000000000e+00
2.423226499085450181e-01
1.237399694997355359e-01
9.859607915915006293e-01
