9.950047135353088379e-01
9.950061440467834473e-01
9.950063228607177734e-01
9.950065612792968750e-01
9.950045943260192871e-01
9.950017333030700684e-01
9.950008988380432129e-01
9.950039982795715332e-01
9.950018525123596191e-01
9.950054287910461426e-01
9.950023293495178223e-01
9.950060248374938965e-01
9.950042366981506348e-01
9.950023293495178223e-01
9.950061440467834473e-01
9.950048327445983887e-01
9.950065612792968750e-01
9.950076341629028320e-01
9.950083494186401367e-01
9.949980974197387695e-01
9.950023293495178223e-01
9.950082302093505859e-01
9.950053095817565918e-01
9.950036406517028809e-01
9.950038790702819824e-01
9.950045943260192871e-01
9.949997663497924805e-01
9.949992895126342773e-01
9.950029253959655762e-01
9.950038790702819824e-01
9.950050711631774902e-01
9.950050711631774902e-01
9.950047135353088379e-01
9.950037598609924316e-01
9.950019717216491699e-01
9.950037598609924316e-01
9.950032830238342285e-01
9.950032830238342285e-01
9.950031638145446777e-01
9.950007796287536621e-01
9.950023293495178223e-01
9.950023293495178223e-01
9.950041174888610840e-01
9.950067996978759766e-01
9.949977397918701172e-01
9.950034022331237793e-01
9.950073957443237305e-01
9.950059056282043457e-01
9.949994087219238281e-01
9.950029253959655762e-01
9.950019717216491699e-01
9.950079917907714844e-01
9.950059056282043457e-01
9.950066804885864258e-01
9.950069189071655273e-01
9.950056672096252441e-01
9.950048327445983887e-01
9.950047135353088379e-01
9.950061440467834473e-01
9.950075149536132812e-01
9.950051903724670410e-01
9.950081110000610352e-01
9.950100183486938477e-01
9.950062036514282227e-01
9.950073957443237305e-01
9.950064420700073242e-01
9.950059056282043457e-01
9.950062036514282227e-01
9.950067996978759766e-01
9.950061440467834473e-01
9.950065612792968750e-01
9.950064420700073242e-01
9.950048327445983887e-01
9.950054287910461426e-01
9.950056672096252441e-01
9.950061440467834473e-01
9.950031638145446777e-01
9.950039982795715332e-01
9.950050711631774902e-01
9.950067996978759766e-01
9.950022101402282715e-01
9.950032830238342285e-01
9.950005412101745605e-01
9.950067996978759766e-01
9.950069189071655273e-01
9.950064420700073242e-01
9.950053095817565918e-01
9.950038790702819824e-01
9.950069189071655273e-01
9.950062036514282227e-01
9.950088262557983398e-01
9.950041174888610840e-01
9.950056672096252441e-01
9.950055480003356934e-01
9.950061440467834473e-01
9.950073957443237305e-01
9.950056672096252441e-01
9.950061440467834473e-01
9.950044751167297363e-01
9.950045943260192871e-01
9.950064420700073242e-01
9.950057864189147949e-01
9.950045943260192871e-01
9.950061440467834473e-01
9.950000047683715820e-01
9.950076341629028320e-01
9.950053095817565918e-01
9.950062036514282227e-01
9.950035214424133301e-01
9.950036406517028809e-01
9.950008988380432129e-01
9.950017333030700684e-01
9.950079917907714844e-01
9.950049519538879395e-01
9.950059056282043457e-01
9.950048327445983887e-01
9.950057864189147949e-01
9.950016140937805176e-01
9.950000047683715820e-01
9.950048327445983887e-01
9.950022101402282715e-01
9.950065612792968750e-01
9.950059056282043457e-01
9.950057864189147949e-01
9.950069189071655273e-01
9.950063228607177734e-01
9.950062036514282227e-01
9.950043559074401855e-01
9.950030446052551270e-01
9.950039982795715332e-01
9.950047135353088379e-01
9.950023293495178223e-01
9.950073957443237305e-01
9.950020909309387207e-01
9.950062036514282227e-01
9.950037598609924316e-01
9.950018525123596191e-01
9.950042366981506348e-01
9.950013756752014160e-01
9.950075149536132812e-01
9.950075149536132812e-01
9.950001239776611328e-01
9.950064420700073242e-01
9.950035214424133301e-01
9.950069189071655273e-01
9.950065612792968750e-01
9.950075149536132812e-01
9.950047135353088379e-01
9.950039982795715332e-01
9.950065612792968750e-01
9.950060248374938965e-01
9.950037598609924316e-01
9.950047135353088379e-01
9.950026869773864746e-01
9.950064420700073242e-01
9.950057864189147949e-01
9.950065612792968750e-01
9.950061440467834473e-01
9.950075149536132812e-01
9.950061440467834473e-01
9.950065612792968750e-01
9.950051903724670410e-01
9.950039982795715332e-01
9.950002431869506836e-01
9.950023293495178223e-01
9.950004220008850098e-01
9.950024485588073730e-01
9.950025677680969238e-01
9.950037598609924316e-01
9.950024485588073730e-01
9.950018525123596191e-01
9.950019717216491699e-01
9.950017333030700684e-01
9.950025677680969238e-01
9.950025677680969238e-01
9.950017333030700684e-01
9.950028061866760254e-01
9.950018525123596191e-01
9.950006604194641113e-01
9.950020909309387207e-01
9.950022101402282715e-01
9.950024485588073730e-01
9.950023293495178223e-01
9.950029253959655762e-01
9.950016140937805176e-01
9.950018525123596191e-01
9.950007796287536621e-01
9.950060248374938965e-01
9.950017333030700684e-01
9.950044751167297363e-01
9.950035214424133301e-01
9.950022101402282715e-01
9.950035214424133301e-01
9.950044751167297363e-01
9.950045943260192871e-01
9.950023293495178223e-01
9.950018525123596191e-01
9.950044751167297363e-01
9.950039982795715332e-01
9.950032830238342285e-01
9.950036406517028809e-01
9.950012564659118652e-01
9.950034022331237793e-01
9.950023293495178223e-01
9.950037598609924316e-01
9.950025677680969238e-01
9.950031638145446777e-01
9.950043559074401855e-01
9.950022101402282715e-01
9.950043559074401855e-01
9.950028061866760254e-01
9.950022101402282715e-01
9.950011372566223145e-01
9.950004220008850098e-01
9.950054287910461426e-01
9.950028061866760254e-01
9.950034022331237793e-01
9.950045943260192871e-01
9.950028061866760254e-01
9.950014948844909668e-01
9.950023293495178223e-01
9.950034022331237793e-01
9.950016140937805176e-01
9.950014948844909668e-01
9.950034022331237793e-01
9.950012564659118652e-01
9.950035214424133301e-01
9.950044751167297363e-01
9.950024485588073730e-01
9.950016140937805176e-01
9.950039982795715332e-01
9.950037598609924316e-01
9.950038790702819824e-01
9.950030446052551270e-01
9.950039982795715332e-01
9.950017333030700684e-01
9.950023293495178223e-01
9.950031638145446777e-01
9.950109720230102539e-01
9.950028061866760254e-01
9.949984550476074219e-01
9.950051903724670410e-01
9.950012564659118652e-01
9.950041174888610840e-01
9.950035214424133301e-01
9.950002431869506836e-01
9.950007796287536621e-01
9.950034022331237793e-01
9.950031638145446777e-01
9.950013756752014160e-01
9.950025677680969238e-01
9.949963092803955078e-01
9.950002431869506836e-01
9.949988126754760742e-01
9.950012564659118652e-01
9.950019717216491699e-01
9.950023293495178223e-01
9.950041174888610840e-01
9.950045943260192871e-01
9.950020909309387207e-01
9.949988126754760742e-01
9.950022101402282715e-01
9.949997663497924805e-01
9.950004220008850098e-01
9.950011372566223145e-01
9.950030446052551270e-01
9.950012564659118652e-01
9.950049519538879395e-01
9.950051903724670410e-01
9.950002431869506836e-01
9.949994087219238281e-01
9.950025677680969238e-01
9.950012564659118652e-01
9.950017333030700684e-01
9.950017333030700684e-01
9.950035214424133301e-01
9.950018525123596191e-01
9.950007796287536621e-01
9.950017333030700684e-01
9.950026869773864746e-01
9.950014948844909668e-01
9.949986934661865234e-01
9.950013756752014160e-01
9.950025677680969238e-01
9.950025677680969238e-01
9.950054287910461426e-01
9.949986934661865234e-01
9.950016140937805176e-01
9.950039982795715332e-01
9.950066804885864258e-01
9.950045943260192871e-01
9.950038790702819824e-01
9.950041174888610840e-01
9.950020909309387207e-01
9.950041174888610840e-01
9.950036406517028809e-01
9.950017333030700684e-01
9.949997663497924805e-01
9.950042366981506348e-01
9.950032830238342285e-01
9.950045943260192871e-01
9.950060248374938965e-01
9.950037598609924316e-01
9.950017333030700684e-01
9.950020909309387207e-01
9.950019717216491699e-01
9.950036406517028809e-01
9.950047135353088379e-01
9.950018525123596191e-01
9.950057864189147949e-01
9.950019717216491699e-01
9.950041174888610840e-01
9.950036406517028809e-01
9.950026869773864746e-01
9.950023293495178223e-01
9.950041174888610840e-01
9.950030446052551270e-01
9.950037598609924316e-01
9.950042366981506348e-01
9.950037598609924316e-01
9.950044751167297363e-01
9.950042366981506348e-01
9.950032830238342285e-01
9.950031638145446777e-01
9.949991703033447266e-01
9.950035214424133301e-01
9.949977397918701172e-01
9.949970245361328125e-01
9.950245022773742676e-01
9.950006604194641113e-01
9.950008988380432129e-01
9.950010180473327637e-01
9.950005412101745605e-01
9.950006604194641113e-01
9.950042366981506348e-01
9.950030446052551270e-01
9.950010180473327637e-01
9.950034022331237793e-01
9.949963092803955078e-01
9.950012564659118652e-01
9.950028061866760254e-01
9.950029253959655762e-01
9.949991703033447266e-01
9.950024485588073730e-01
9.950004220008850098e-01
9.949997663497924805e-01
9.950019717216491699e-01
9.949994087219238281e-01
9.950016140937805176e-01
9.949979782104492188e-01
9.950029253959655762e-01
9.949990510940551758e-01
9.949985742568969727e-01
9.950005412101745605e-01
9.950001239776611328e-01
9.950016140937805176e-01
9.950017333030700684e-01
9.950013756752014160e-01
9.950026869773864746e-01
9.950043559074401855e-01
9.950010180473327637e-01
9.950039982795715332e-01
9.950013756752014160e-01
9.950020909309387207e-01
9.950026869773864746e-01
9.950026869773864746e-01
9.950032830238342285e-01
9.950032830238342285e-01
9.950042366981506348e-01
9.950035214424133301e-01
9.950036406517028809e-01
9.950044751167297363e-01
9.950054287910461426e-01
9.950047135353088379e-01
9.950038790702819824e-01
9.950056672096252441e-01
9.950032830238342285e-01
9.950051903724670410e-01
9.950028061866760254e-01
9.950029253959655762e-01
9.950036406517028809e-01
9.950042366981506348e-01
9.950044751167297363e-01
9.950045943260192871e-01
9.950026869773864746e-01
9.950051903724670410e-01
9.950023293495178223e-01
9.950037598609924316e-01
9.950034022331237793e-01
9.950023293495178223e-01
9.950032830238342285e-01
9.950023293495178223e-01
9.950041174888610840e-01
9.950031638145446777e-01
9.950041174888610840e-01
9.950036406517028809e-01
9.950043559074401855e-01
9.950041174888610840e-01
9.950025677680969238e-01
9.950020909309387207e-01
9.950030446052551270e-01
9.950037598609924316e-01
9.950041174888610840e-01
9.950039982795715332e-01
9.950045943260192871e-01
9.950042366981506348e-01
9.950044751167297363e-01
9.950042366981506348e-01
9.950036406517028809e-01
9.950042366981506348e-01
9.950039982795715332e-01
9.950045943260192871e-01
9.950016140937805176e-01
9.950039982795715332e-01
9.950039982795715332e-01
9.950066804885864258e-01
9.950044751167297363e-01
9.950037598609924316e-01
9.950038790702819824e-01
9.950037598609924316e-01
9.950038790702819824e-01
9.950079917907714844e-01
9.950024485588073730e-01
9.950060248374938965e-01
9.950036406517028809e-01
9.950030446052551270e-01
9.950030446052551270e-01
9.950031638145446777e-01
9.950045943260192871e-01
9.950024485588073730e-01
9.950031638145446777e-01
9.950032830238342285e-01
9.950039982795715332e-01
9.950045943260192871e-01
9.950006604194641113e-01
9.950032830238342285e-01
9.950038790702819824e-01
9.949991703033447266e-01
9.950026869773864746e-01
9.950036406517028809e-01
9.950024485588073730e-01
9.950028061866760254e-01
9.950018525123596191e-01
9.950019717216491699e-01
9.950010180473327637e-01
9.950023293495178223e-01
9.950022101402282715e-01
9.950028061866760254e-01
9.950017333030700684e-01
9.950013756752014160e-01
