9.935017228126525879e-01
9.934971332550048828e-01
9.935103058815002441e-01
9.935019612312316895e-01
9.935109019279479980e-01
9.934906959533691406e-01
9.934915900230407715e-01
9.935052394866943359e-01
9.934961795806884766e-01
9.935105443000793457e-01
9.934957027435302734e-01
9.934984445571899414e-01
9.935082197189331055e-01
9.934968948364257812e-01
9.935016036033630371e-01
9.935000538825988770e-01
9.935031533241271973e-01
9.935060739517211914e-01
9.935083389282226562e-01
9.934898614883422852e-01
9.934906959533691406e-01
9.936862587928771973e-01
9.934992790222167969e-01
9.934989213943481445e-01
9.934974908828735352e-01
9.935017228126525879e-01
9.934877157211303711e-01
9.934873580932617188e-01
9.934989213943481445e-01
9.935016036033630371e-01
9.935023188591003418e-01
9.934995174407958984e-01
9.935005307197570801e-01
9.935039877891540527e-01
9.934985637664794922e-01
9.934980869293212891e-01
9.934977293014526367e-01
9.934977293014526367e-01
9.934980869293212891e-01
9.934926629066467285e-01
9.934967756271362305e-01
9.934966564178466797e-01
9.935001730918884277e-01
9.935120940208435059e-01
9.934904575347900391e-01
9.934962987899780273e-01
9.935159683227539062e-01
9.934993982315063477e-01
9.934920668601989746e-01
9.934972524642944336e-01
9.934967756271362305e-01
9.935033917427062988e-01
9.934993982315063477e-01
9.934986829757690430e-01
9.935031533241271973e-01
9.934990406036376953e-01
9.934961795806884766e-01
9.934968948364257812e-01
9.934995174407958984e-01
9.935005307197570801e-01
9.934948086738586426e-01
9.935041069984436035e-01
9.935148954391479492e-01
9.934974908828735352e-01
9.935007691383361816e-01
9.935012459754943848e-01
9.934980869293212891e-01
9.935010075569152832e-01
9.935039877891540527e-01
9.935024380683898926e-01
9.935007691383361816e-01
9.935008883476257324e-01
9.935024380683898926e-01
9.935030341148376465e-01
9.935052394866943359e-01
9.935017228126525879e-01
9.934970140457153320e-01
9.935000538825988770e-01
9.934971332550048828e-01
9.935017228126525879e-01
9.934949278831481934e-01
9.935016036033630371e-01
9.934946894645690918e-01
9.934996366500854492e-01
9.934999346733093262e-01
9.935027956962585449e-01
9.934998750686645508e-01
9.934982061386108398e-01
9.934990406036376953e-01
9.934990406036376953e-01
9.935085773468017578e-01
9.935033917427062988e-01
9.935010075569152832e-01
9.934988021850585938e-01
9.935020804405212402e-01
9.935010075569152832e-01
9.935023188591003418e-01
9.934998750686645508e-01
9.935012459754943848e-01
9.934992790222167969e-01
9.935006499290466309e-01
9.935031533241271973e-01
9.934993982315063477e-01
9.934986829757690430e-01
9.934885501861572266e-01
9.934999346733093262e-01
9.935001730918884277e-01
9.935001730918884277e-01
9.934979677200317383e-01
9.934954643249511719e-01
9.934945702552795410e-01
9.934937357902526855e-01
9.935019612312316895e-01
9.935001730918884277e-01
9.934972524642944336e-01
9.934999346733093262e-01
9.935045242309570312e-01
9.934967756271362305e-01
9.934915900230407715e-01
9.934976100921630859e-01
9.934951663017272949e-01
9.935011267662048340e-01
9.935007691383361816e-01
9.934999346733093262e-01
9.934997558593750000e-01
9.935004115104675293e-01
9.935006499290466309e-01
9.935060739517211914e-01
9.934971332550048828e-01
9.934992790222167969e-01
9.934997558593750000e-01
9.934934973716735840e-01
9.935057163238525391e-01
9.934954643249511719e-01
9.934989213943481445e-01
9.934978485107421875e-01
9.934950470924377441e-01
9.935014843940734863e-01
9.934908747673034668e-01
9.934992790222167969e-01
9.934992790222167969e-01
9.934944510459899902e-01
9.934985637664794922e-01
9.934986829757690430e-01
9.934979677200317383e-01
9.934983253479003906e-01
9.934986829757690430e-01
9.934998750686645508e-01
9.934977293014526367e-01
9.934997558593750000e-01
9.935005307197570801e-01
9.934978485107421875e-01
9.934998750686645508e-01
9.934966564178466797e-01
9.934980869293212891e-01
9.935005307197570801e-01
9.935005307197570801e-01
9.934984445571899414e-01
9.934992790222167969e-01
9.935001730918884277e-01
9.935016036033630371e-01
9.935001730918884277e-01
9.934996366500854492e-01
9.934925436973571777e-01
9.934985637664794922e-01
9.934905767440795898e-01
9.934967756271362305e-01
9.934973716735839844e-01
9.934954643249511719e-01
9.934932589530944824e-01
9.934951663017272949e-01
9.934961795806884766e-01
9.934962987899780273e-01
9.934932589530944824e-01
9.934940934181213379e-01
9.934948086738586426e-01
9.934948086738586426e-01
9.934957027435302734e-01
9.934950470924377441e-01
9.934954643249511719e-01
9.934929013252258301e-01
9.934940934181213379e-01
9.934966564178466797e-01
9.934940934181213379e-01
9.934932589530944824e-01
9.934962987899780273e-01
9.934931397438049316e-01
9.934971332550048828e-01
9.934955835342407227e-01
9.934964179992675781e-01
9.935017228126525879e-01
9.934948086738586426e-01
9.934973716735839844e-01
9.934945702552795410e-01
9.934968948364257812e-01
9.934982061386108398e-01
9.934972524642944336e-01
9.934970140457153320e-01
9.934970140457153320e-01
9.934968948364257812e-01
9.934988021850585938e-01
9.934952855110168457e-01
9.934957027435302734e-01
9.934958219528198242e-01
9.935006499290466309e-01
9.934979677200317383e-01
9.934993982315063477e-01
9.934995174407958984e-01
9.934985637664794922e-01
9.935036301612854004e-01
9.934968948364257812e-01
9.934990406036376953e-01
9.934897422790527344e-01
9.934915900230407715e-01
9.934990406036376953e-01
9.934964179992675781e-01
9.934993982315063477e-01
9.935004115104675293e-01
9.934972524642944336e-01
9.934890270233154297e-01
9.934970140457153320e-01
9.935004115104675293e-01
9.934995174407958984e-01
9.934973716735839844e-01
9.934992790222167969e-01
9.934926629066467285e-01
9.935011267662048340e-01
9.935001730918884277e-01
9.934962987899780273e-01
9.934991598129272461e-01
9.935020804405212402e-01
9.935002923011779785e-01
9.934993982315063477e-01
9.934927821159362793e-01
9.935002923011779785e-01
9.934933781623840332e-01
9.934991598129272461e-01
9.934973716735839844e-01
9.935194849967956543e-01
9.935026764869689941e-01
9.934923052787780762e-01
9.934973716735839844e-01
9.934917092323303223e-01
9.934952855110168457e-01
9.934992790222167969e-01
9.934926629066467285e-01
9.934948086738586426e-01
9.934982061386108398e-01
9.934983253479003906e-01
9.934870004653930664e-01
9.934965372085571289e-01
9.934886693954467773e-01
9.934945702552795410e-01
9.934939742088317871e-01
9.934949278831481934e-01
9.934972524642944336e-01
9.935001730918884277e-01
9.934940934181213379e-01
9.934995174407958984e-01
9.934972524642944336e-01
9.934858679771423340e-01
9.934902191162109375e-01
9.934938549995422363e-01
9.934906959533691406e-01
9.934961795806884766e-01
9.934980869293212891e-01
9.934960603713989258e-01
9.934980869293212891e-01
9.934983253479003906e-01
9.934945702552795410e-01
9.934942126274108887e-01
9.934914708137512207e-01
9.934949278831481934e-01
9.934931397438049316e-01
9.934917092323303223e-01
9.934970140457153320e-01
9.934909939765930176e-01
9.934973716735839844e-01
9.935006499290466309e-01
9.934950470924377441e-01
9.934960603713989258e-01
9.935016036033630371e-01
9.935023188591003418e-01
9.935024380683898926e-01
9.934912323951721191e-01
9.935058355331420898e-01
9.934878349304199219e-01
9.934938549995422363e-01
9.934972524642944336e-01
9.935100674629211426e-01
9.935059547424316406e-01
9.934977293014526367e-01
9.935020804405212402e-01
9.934954643249511719e-01
9.935010075569152832e-01
9.934989213943481445e-01
9.934974908828735352e-01
9.934931397438049316e-01
9.935008883476257324e-01
9.935024380683898926e-01
9.934962987899780273e-01
9.935029149055480957e-01
9.935030341148376465e-01
9.934951663017272949e-01
9.934988021850585938e-01
9.934972524642944336e-01
9.934934973716735840e-01
9.935014843940734863e-01
9.934970140457153320e-01
9.935066699981689453e-01
9.934952855110168457e-01
9.935020804405212402e-01
9.934997558593750000e-01
9.935047626495361328e-01
9.935021996498107910e-01
9.935032725334167480e-01
9.934971332550048828e-01
9.934962987899780273e-01
9.934961795806884766e-01
9.935013651847839355e-01
9.935025572776794434e-01
9.935025572776794434e-01
9.934980869293212891e-01
9.935014843940734863e-01
9.934965372085571289e-01
9.935063123703002930e-01
9.934923052787780762e-01
9.934879541397094727e-01
9.934920668601989746e-01
9.934951663017272949e-01
9.934967756271362305e-01
9.934957027435302734e-01
9.934930205345153809e-01
9.934968948364257812e-01
9.934958219528198242e-01
9.934993982315063477e-01
9.934980869293212891e-01
9.935002923011779785e-01
9.934905767440795898e-01
9.934998750686645508e-01
9.935000538825988770e-01
9.935026764869689941e-01
9.934958219528198242e-01
9.935014843940734863e-01
9.934965372085571289e-01
9.934953451156616211e-01
9.934913516044616699e-01
9.934939742088317871e-01
9.934999346733093262e-01
9.934893846511840820e-01
9.935018420219421387e-01
9.934827685356140137e-01
9.934961795806884766e-01
9.934929013252258301e-01
9.934957027435302734e-01
9.934992790222167969e-01
9.935011267662048340e-01
9.934992790222167969e-01
9.935030341148376465e-01
9.935029149055480957e-01
9.934890270233154297e-01
9.934965372085571289e-01
9.934917092323303223e-01
9.934925436973571777e-01
9.934950470924377441e-01
9.934921860694885254e-01
9.934936165809631348e-01
9.934950470924377441e-01
9.934976100921630859e-01
9.934949278831481934e-01
9.934972524642944336e-01
9.935035109519958496e-01
9.934952855110168457e-01
9.935023188591003418e-01
9.934950470924377441e-01
9.935039877891540527e-01
9.935010075569152832e-01
9.935027956962585449e-01
9.934900999069213867e-01
9.934944510459899902e-01
9.934984445571899414e-01
9.935016036033630371e-01
9.935004115104675293e-01
9.935020804405212402e-01
9.934984445571899414e-01
9.934980869293212891e-01
9.934967756271362305e-01
9.934977293014526367e-01
9.934959411621093750e-01
9.934974908828735352e-01
9.934977293014526367e-01
9.934946894645690918e-01
9.934979677200317383e-01
9.934971332550048828e-01
9.934985637664794922e-01
9.934972524642944336e-01
9.935013651847839355e-01
9.934976100921630859e-01
9.934974908828735352e-01
9.934966564178466797e-01
9.934979677200317383e-01
9.934939742088317871e-01
9.934982061386108398e-01
9.934978485107421875e-01
9.934980869293212891e-01
9.934980869293212891e-01
9.934970140457153320e-01
9.934974908828735352e-01
9.934973716735839844e-01
9.934979677200317383e-01
9.934939742088317871e-01
9.935033917427062988e-01
9.934983253479003906e-01
9.934983253479003906e-01
9.935016036033630371e-01
9.935072660446166992e-01
9.935029149055480957e-01
9.934973716735839844e-01
9.934967756271362305e-01
9.935025572776794434e-01
9.934977293014526367e-01
9.935071468353271484e-01
9.934997558593750000e-01
9.935046434402465820e-01
9.934970140457153320e-01
9.934954643249511719e-01
9.935013651847839355e-01
9.934961795806884766e-01
9.935088157653808594e-01
9.934974908828735352e-01
9.934970140457153320e-01
9.934978485107421875e-01
9.934962987899780273e-01
9.934962987899780273e-01
9.934914708137512207e-01
9.934982061386108398e-01
9.935048818588256836e-01
9.934960603713989258e-01
9.935030341148376465e-01
9.934979677200317383e-01
9.934953451156616211e-01
9.934965372085571289e-01
9.934978485107421875e-01
9.934978485107421875e-01
9.934939742088317871e-01
9.934953451156616211e-01
9.934960603713989258e-01
9.934972524642944336e-01
9.934993982315063477e-01
9.934995174407958984e-01
