[0.0, -1.0107419168292608e-07, -1.0107419168292608e-07, -1.0107419168292608e-07, -1.0107419168292608e-07, 0.0, 0.0, 0.0, 0.0, -1.0107419168292608e-07, 0.0, 0.0, -1.0107419168292
608e-07, -1.0107419190497069e-07, 0.0, 0.0, 0.0, -1.0107419168292608e-07, -1.0107419168292608e-07, 0.0, 0.0, -1.0107419168292608e-07, 0.0, 0.0, 0.0, 0.0, -1.0107419168292608e-07
, 0.0, 0.0, -1.0107419190497069e-07, 0.0, -1.0107419168292608e-07, 0.0, -1.0107419168292608e-07, 0.0, -1.0107419168292608e-07, -2.220446049250313e-16, -1.0107419168292608e-07, -
2.220446049250313e-16, 0.0, 0.0, 0.0, -1.0107419168292608e-07, -1.0107419190497069e-07, 0.0, 0.0, -1.0107419168292608e-07, -1.0107419168292608e-07, 0.0, -1.0107419168292608e-07,
 0.0, 0.0, 0.0, -2.220446049250313e-16, -1.0107419190497069e-07, -1.0107419168292608e-07, 0.0, 0.0, 0.0, 0.0, -1.0107419168292608e-07, -2.220446049250313e-16, 0.0, 0.0, 0.0, 0.0
, 0.0, -1.0107419190497069e-07, -1.0107419190497069e-07, 0.0, -1.0107419190497069e-07, 0.0, 0.0, -1.0107419168292608e-07, 0.0, -1.0107419168292608e-07, -2.220446049250313e-16, 0
.0, 0.0, 0.0, 0.0, -1.0107419168292608e-07, 0.0, -2.220446049250313e-16, -2.220446049250313e-16, -2.220446049250313e-16, -1.0107419190497069e-07, 0.0, 0.0, 0.0, 0.0, -1.01074191
68292608e-07, -1.0107419168292608e-07, 0.0, -1.0107419190497069e-07, 0.0, 0.0, 1.0107419168292608e-07, 1.0107419168292608e-07, 0.0, 0.0, 0.0, 0.0, 0.0, 0.0, 1.0107419168292608e-
07, 0.0, -1.0107419168292608e-07, -1.0107419168292608e-07, 0.0, -2.220446049250313e-16, 0.0, 0.0, 1.0107419168292608e-07, 1.0107419168292608e-07, 0.0, -1.0107419168292608e-07, -
2.220446049250313e-16, 0.0, 0.0, 0.0, 0.0, 1.0107419168292608e-07, 0.0, 0.0, -2.220446049250313e-16, 0.0, 0.0, 0.0, 1.0107419168292608e-07, 0.0, 0.0, 0.0, -2.220446049250313e-16
, 0.0, 0.0, 0.0, 0.0, 1.0107419168292608e-07, 0.0, 0.0, 0.0, 0.0, 0.0, 0.0, 1.0107419168292608e-07, 0.0, 0.0, 0.0, 0.0, 0.0, 0.0, 0.0, 0.0, 0.0, 0.0, 0.0, 0.0, -1.01074191904970
69e-07, 0.0, 0.0, 0.0, 0.0, -1.0107419168292608e-07, 0.0, 0.0, -2.220446049250313e-16, 0.0, 0.0, 0.0, 0.0, 0.0, 0.0, 0.0, 0.0, 0.0, 0.0, 1.0107419168292608e-07, 1.01074191682926
08e-07, -2.220446049250313e-16, 0.0, 0.0, 0.0, 0.0, 0.0, 0.0, 0.0, -2.220446049250313e-16, 0.0, 0.0, 0.0, -1.0107419168292608e-07, 0.0, 0.0, 0.0, 0.0, 0.0, 0.0, -1.0107419168292
608e-07, 0.0, 0.0, 0.0, 0.0, -2.220446049250313e-16, -2.220446049250313e-16, 0.0, -1.0107419168292608e-07, 0.0, 0.0, 0.0, -2.220446049250313e-16, -2.220446049250313e-16, 0.0, 0.
0, -1.0107419168292608e-07, 0.0, 0.0, 0.0, 0.0, 0.0, 0.0, 0.0, 0.0, 0.0, 0.0, 0.0, 0.0, -2.220446049250313e-16, 0.0, 1.0107419146088148e-07, -1.0107419168292608e-07, 0.0, 0.0, 0
.0, -2.220446049250313e-16, -2.220446049250313e-16, 0.0, 0.0, 0.0, 0.0, 0.0, 0.0, -2.220446049250313e-16, -2.220446049250313e-16, 0.0, -2.220446049250313e-16, 0.0, 0.0, 0.0, 0.0
, 0.0, 0.0, 1.0107419146088148e-07, 0.0, 0.0, 0.0, 0.0, 0.0, 0.0, -2.220446049250313e-16, 0.0, 0.0, 0.0, 0.0, 0.0, 0.0, -2.220446049250313e-16, -2.220446049250313e-16, 0.0, 1.01
07419146088148e-07, 0.0, 0.0, 0.0, 0.0, 0.0, 0.0, 1.0107419146088148e-07, -2.220446049250313e-16, 0.0, -1.0107419168292608e-07, 0.0, 0.0, 0.0, 0.0, 0.0, -2.220446049250313e-16, 
-1.0107419168292608e-07, 0.0, -2.220446049250313e-16, 0.0, -2.220446049250313e-16, 0.0, -1.0107419168292608e-07, 0.0, 0.0, 0.0, -2.220446049250313e-16, -2.220446049250313e-16, 0
.0, 0.0, -1.0107419168292608e-07, 0.0, 0.0, 0.0, -2.220446049250313e-16, -2.220446049250313e-16, 0.0, 0.0, -1.0107419168292608e-07, 0.0, 0.0, 0.0, -2.220446049250313e-16, -2.220
446049250313e-16, 0.0, -2.220446049250313e-16, 0.0, 0.0, 0.0, 0.0, -2.220446049250313e-16, 0.0, 0.0, 1.0107419168292608e-07, -1.0107419168292608e-07, 0.0, 0.0, 0.0, 0.0, -2.2204
46049250313e-16, -2.220446049250313e-16, -2.220446049250313e-16, 0.0, 0.0, 0.0, 0.0, 0.0, -2.220446049250313e-16, 0.0, 0.0, 0.0, 0.0, 0.0, 0.0, -2.220446049250313e-16, 0.0, 1.01
07419168292608e-07, 0.0, 0.0, -2.220446049250313e-16, 0.0, 0.0, 0.0, 0.0, -2.220446049250313e-16, 0.0, 0.0, 0.0, 0.0, 0.0, -2.220446049250313e-16, -2.220446049250313e-16, 0.0, 1
.0107419146088148e-07, 0.0, 0.0, 0.0, 0.0, 0.0, 0.0, 1.0107419146088148e-07, 0.0, 0.0, -1.0107419168292608e-07, 0.0, 0.0, 0.0, -2.220446049250313e-16, -2.220446049250313e-16, 0.
0, 2.220446049250313e-16, 2.220446049250313e-16, 0.0, -1.0107419168292608e-07, 0.0, 0.0, -1.0107419168292608e-07, 0.0, -2.220446049250313e-16, 0.0, 0.0, -1.0107419190497069e-07,
 0.0, -1.0107419190497069e-07, 0.0, -2.220446049250313e-16, -2.220446049250313e-16, 0.0, 0.0, 0.0, 0.0, 0.0, -1.0107419168292608e-07, 0.0, 0.0, 0.0, 0.0, -1.0107419190497069e-07
, -1.0107419168292608e-07, -1.0107419168292608e-07, 0.0, 0.0, 0.0, 0.0, 0.0, -1.0107419190497069e-07, -1.0107419190497069e-07, -2.220446049250313e-16, 0.0, 0.0, 0.0, 0.0, 0.0, -
1.0107419168292608e-07, 0.0, -1.0107419168292608e-07, -2.220446049250313e-16, 0.0, -2.220446049250313e-16, 0.0, 0.0, 0.0, -1.0107419168292608e-07, -1.0107419168292608e-07, -1.01
07419168292608e-07, 0.0, 0.0, 0.0, 0.0, -1.0107419168292608e-07, -2.220446049250313e-16, -1.0107419168292608e-07, -1.0107419168292608e-07, -2.220446049250313e-16, -2.22044604925
0313e-16, 0.0, 0.0, 0.0, -1.0107419190497069e-07, -2.220446049250313e-16, -1.0107419168292608e-07, -1.0107419168292608e-07, 0.0, 0.0, 0.0, 0.0, -1.0107419168292608e-07, -1.01074
19168292608e-07, 0.0, -2.220446049250313e-16, 0.0, 0.0, 0.0, -1.0107419168292608e-07, -1.0107419168292608e-07, -1.0107419190497069e-07, 0.0, 0.0, 0.0, 0.0, 0.0, 0.0, -1.01074191
90497069e-07, 0.0, 0.0, -1.0107419168292608e-07, -1.0107419168292608e-07, -1.0107419168292608e-07, 0.0, 0.0, 0.0, 0.0, 0.0, 0.0, -1.0107419168292608e-07, -1.0107419190497069e-07
, 0.0, 0.0, 0.0, 0.0, 0.0, 0.0, 0.0, -1.0107419168292608e-07, 0.0, 0.0, 0.0, 0.0, 0.0, -1.0107419168292608e-07, -1.0107419168292608e-07, -1.0107419168292608e-07, 0.0, 0.0, 0.0, 
0.0, 0.0, -1.0107419168292608e-07, -2.220446049250313e-16, 0.0, 0.0, 0.0, 0.0, -1.0107419168292608e-07, 0.0, -1.0107419168292608e-07, 0.0, -1.0107419168292608e-07, 0.0, -2.22044
6049250313e-16, 0.0, -1.0107419168292608e-07, 0.0, 0.0, -1.0107419168292608e-07, -1.0107419168292608e-07, 0.0, 0.0, 0.0, 0.0, 0.0, 0.0, -2.220446049250313e-16, 0.0, 0.0, 0.0, -2
.220446049250313e-16, -1.0107419168292608e-07, 0.0, -1.0107419168292608e-07, -1.0107419168292608e-07, 0.0, 0.0, -1.0107419190497069e-07, 0.0, -1.0107419168292608e-07, 0.0, 0.0, 
-1.0107419168292608e-07, -1.0107419168292608e-07, 0.0, 0.0, 0.0, 0.0, 0.0, 0.0, -1.0107419168292608e-07, -1.0107419168292608e-07, -1.0107419168292608e-07, 0.0, 0.0, 0.0, 0.0, 0.
0, 0.0, -1.0107419168292608e-07, 0.0, 0.0, 0.0, 0.0, -2.220446049250313e-16, 1.0107419146088148e-07, -1.0107419168292608e-07, 0.0, 0.0, 0.0, 0.0, -2.220446049250313e-16, -2.2204
46049250313e-16, -2.220446049250313e-16, -1.0107419190497069e-07, -1.0107419190497069e-07, 0.0, 0.0, 0.0, 0.0, 0.0, 0.0, -1.0107419168292608e-07, 0.0, 0.0, 0.0, 0.0, 0.0, -2.220
446049250313e-16, -2.220446049250313e-16, 0.0, 0.0, 0.0, 0.0, -1.0107419168292608e-07, 0.0, -2.220446049250313e-16, 0.0, 0.0, -1.0107419190497069e-07, 0.0, 0.0, -2.2204460492503
13e-16, -1.0107419168292608e-07, -2.220446049250313e-16, 0.0, -1.0107419190497069e-07, -1.0107419190497069e-07, 0.0, 0.0, -2.220446049250313e-16, 0.0, -2.220446049250313e-16, 0.
0, -1.0107419168292608e-07, 0.0, 0.0, 0.0, -1.0107419168292608e-07, -2.220446049250313e-16, 1.0107419168292608e-07, 1.0107419168292608e-07, -1.0107419168292608e-07, 0.0, 0.0, 0.
0, 0.0, 0.0, 0.0, 0.0, -2.220446049250313e-16, -1.0107419190497069e-07, 0.0, 0.0, 0.0, 0.0, 1.0107419146088148e-07, -2.220446049250313e-16, 0.0, 0.0, 0.0, 0.0, 0.0, 0.0, -2.2204
46049250313e-16, -2.220446049250313e-16, -1.0107419190497069e-07, -1.0107419168292608e-07, 0.0, 0.0, -1.0107419168292608e-07, 0.0, 0.0, 0.0, 0.0, 1.0107419168292608e-07, 0.0, 0.
0, 0.0, 0.0, 0.0, 0.0, 0.0, -2.220446049250313e-16, -1.0107419190497069e-07, -1.0107419168292608e-07, 0.0, 0.0, 0.0, 0.0, 0.0, 0.0, -1.0107419168292608e-07, 0.0, 0.0, 0.0, 0.0, 
0.0, 0.0, -2.220446049250313e-16, 0.0, 0.0, 0.0, 0.0, -1.0107419168292608e-07, 0.0, 0.0, 0.0, 0.0, -1.0107419168292608e-07, 0.0, 0.0, 0.0, 0.0, -2.220446049250313e-16, 0.0, -1.0
107419168292608e-07, -1.0107419190497069e-07, 0.0, 0.0, 0.0, 0.0, -2.220446049250313e-16, 0.0, -1.0107419168292608e-07, 0.0, 0.0, 0.0, -1.0107419168292608e-07, -2.22044604925031
3e-16, 1.0107419168292608e-07, 1.0107419168292608e-07, -1.0107419168292608e-07, 0.0, 0.0, 0.0, 0.0, 0.0, 0.0, 0.0, -2.220446049250313e-16, -1.0107419190497069e-07, 0.0, 0.0, 0.0
, 0.0, 1.0107419168292608e-07, -2.220446049250313e-16, 0.0, 0.0, 0.0, 0.0, 0.0, 0.0, -2.220446049250313e-16, -2.220446049250313e-16, -1.0107419190497069e-07, -1.0107419168292608
e-07, 0.0, 0.0, -1.0107419168292608e-07, 0.0, 0.0, -1.0107419168292608e-07, 0.0, -1.0107419168292608e-07, -1.0107419168292608e-07, -1.0107419168292608e-07, -2.220446049250313e-1
6, -1.0107419168292608e-07, 0.0, -1.0107419168292608e-07, -1.0107419168292608e-07, -1.0107419168292608e-07, -1.0107419168292608e-07, -1.0107419190497069e-07, 0.0, 0.0, 0.0, 0.0,
 -1.0107419168292608e-07, -1.0107419190497069e-07, -2.220446049250313e-16, 0.0, -2.220446049250313e-16, 0.0, 0.0, -1.0107419168292608e-07, -1.0107419168292608e-07, 0.0, 0.0, -1.
0107419168292608e-07, 0.0, 0.0, 0.0, 0.0, -1.0107419168292608e-07, -1.0107419168292608e-07, 0.0, 0.0, 0.0, -1.0107419168292608e-07, 0.0, -1.0107419168292608e-07, 0.0, -1.0107419
168292608e-07, -1.0107419168292608e-07, -1.0107419168292608e-07, -1.0107419168292608e-07, -1.0107419168292608e-07, 0.0, -1.0107419168292608e-07, -1.0107419168292608e-07, 0.0, -1
.0107419168292608e-07, 0.0, -1.0107419190497069e-07, 0.0, 0.0, 0.0, 0.0, -1.0107419168292608e-07, -1.0107419168292608e-07, 0.0, 0.0, 0.0, 0.0, 0.0, 0.0, -1.0107419168292608e-07,
 -1.0107419168292608e-07, -1.0107419190497069e-07, 0.0, 0.0, 0.0, 0.0, 0.0, 0.0, 0.0, 0.0, -1.0107419168292608e-07, 0.0, 0.0, 0.0, 0.0, -1.0107419190497069e-07, -1.0107419190497
069e-07, 0.0, -1.0107419168292608e-07, -1.0107419168292608e-07, -1.0107419168292608e-07, 0.0, 1.0107419168292608e-07, -1.0107419168292608e-07, 0.0, 0.0, -2.220446049250313e-16, 
0.0, 0.0, 0.0, 0.0, -2.220446049250313e-16, -2.220446049250313e-16, 0.0, 0.0, 0.0, 0.0, 0.0, 0.0, 0.0, 0.0, 0.0, 0.0, 0.0, 0.0, 0.0, 1.0107419168292608e-07, 0.0, 0.0, 0.0, 0.0, 
0.0, 0.0, 0.0, 0.0, 0.0, -1.0107419190497069e-07, 0.0, 0.0, 0.0, 0.0, 0.0, 0.0, -2.220446049250313e-16, -2.220446049250313e-16, 1.0107419168292608e-07, 0.0, 0.0, 0.0, 1.01074191
68292608e-07, 1.0107419168292608e-07, 0.0, 0.0, 0.0, -2.220446049250313e-16, 0.0, 0.0, 1.0107419168292608e-07, 1.0107419168292608e-07, 0.0, 0.0, 0.0, 0.0, 0.0, 0.0, 0.0, 1.01074
19168292608e-07, -2.220446049250313e-16, -2.220446049250313e-16, 0.0, 0.0, 0.0, 0.0, 0.0, 1.0107419168292608e-07, 0.0, 0.0, -2.220446049250313e-16, 0.0, 0.0, 0.0, 0.0, 0.0, -2.2
20446049250313e-16, -2.220446049250313e-16, 0.0, 0.0, 0.0, 0.0, 0.0, -2.220446049250313e-16, 0.0, 0.0, 0.0, -1.0107419168292608e-07, 0.0, 0.0, 0.0, 0.0, 0.0, 0.0, 0.0, -1.010741
9168292608e-07, 0.0, 0.0, 0.0, -2.220446049250313e-16, -2.220446049250313e-16, 0.0, -2.220446049250313e-16, 0.0, 0.0, 0.0, 0.0, -2.220446049250313e-16, 0.0, 0.0, 1.0107419168292
608e-07, -1.0107419168292608e-07, 0.0, 0.0, 0.0, 0.0, 0.0, -2.220446049250313e-16, -2.220446049250313e-16, 0.0, 0.0, 0.0, 0.0, 0.0, 0.0, 0.0, 0.0, 0.0, 0.0, 0.0, 0.0, -2.2204460
49250313e-16, 0.0, 1.0107419168292608e-07, 0.0, 0.0, 0.0, 0.0, 0.0, 0.0, 0.0, -2.220446049250313e-16, 0.0, 0.0, 0.0, 0.0, 0.0, 0.0, 0.0, -2.220446049250313e-16, 1.01074191682926
08e-07, 0.0, 0.0, 0.0, 0.0, -1.0107419168292608e-07, 0.0, 1.0107419168292608e-07, 0.0, 0.0, -1.0107419168292608e-07, 0.0, 0.0, 0.0, -2.220446049250313e-16, -2.220446049250313e-1
6, 0.0, -1.0107419168292608e-07, 0.0, -2.220446049250313e-16, 0.0, -2.220446049250313e-16, 0.0, -1.0107419168292608e-07, 1.0107419168292608e-07, 0.0, 0.0, 0.0, 0.0, 0.0, 0.0, 0.
0, 1.0107419168292608e-07, 0.0, 0.0, 0.0, 0.0, 0.0, 0.0, 0.0, 1.0107419168292608e-07, 0.0, 0.0, -2.220446049250313e-16, 0.0, 0.0, 1.0107419168292608e-07, 0.0, 1.0107419168292608
e-07, 0.0, 0.0, -2.220446049250313e-16, 0.0, 1.0107419146088148e-07, -2.220446049250313e-16, 0.0, 0.0, 0.0, 0.0, 0.0, 0.0, 0.0, -2.220446049250313e-16, -1.0107419168292608e-07, 
1.0107419168292608e-07, 0.0, 0.0, -2.220446049250313e-16, 0.0, 1.0107419168292608e-07, 0.0, 0.0, 0.0, 0.0, 0.0, 0.0, -2.220446049250313e-16, 1.0107419146088148e-07, 0.0, 0.0, 0.
0, 0.0, 0.0, -1.0107419168292608e-07, 0.0, 0.0, 1.0107419168292608e-07, 0.0, 0.0, 0.0, 0.0, 0.0, 0.0, 1.0107419168292608e-07, -2.220446049250313e-16, 0.0, 0.0, 0.0, 0.0, 0.0, 0.
0, -2.220446049250313e-16, -2.220446049250313e-16, 0.0, 0.0, 0.0, -1.0107419168292608e-07, -2.220446049250313e-16, -1.0107419168292608e-07, -1.0107419190497069e-07, -2.220446049
250313e-16, -2.220446049250313e-16, 0.0, 0.0, 0.0, 0.0, -1.0107419168292608e-07, 0.0, 0.0, 0.0, 0.0, 0.0, 0.0, -1.0107419168292608e-07, -1.0107419168292608e-07, -1.0107419168292
608e-07, -2.220446049250313e-16, 0.0, 0.0, 0.0, -1.0107419168292608e-07, -1.0107419190497069e-07, -1.0107419190497069e-07, 0.0, -2.220446049250313e-16, 0.0, 0.0, 0.0, -1.0107419
168292608e-07, 0.0, -1.0107419190497069e-07, -2.220446049250313e-16, -2.220446049250313e-16, 0.0, 0.0, 0.0, 0.0, -1.0107419168292608e-07, -1.0107419190497069e-07, 0.0, -2.220446
049250313e-16, 0.0, 0.0, 0.0, -1.0107419190497069e-07, -2.220446049250313e-16, 0.0, -1.0107419190497069e-07, 0.0, 0.0, 0.0, 0.0, 0.0, -1.0107419168292608e-07, 0.0, 0.0, 0.0, 0.0
, 0.0, 0.0, 0.0, -1.0107419190497069e-07, -1.0107419190497069e-07, -1.0107419168292608e-07, -2.220446049250313e-16, 0.0, 0.0, 0.0, -2.220446049250313e-16, -1.0107419168292608e-0
7, -1.0107419168292608e-07, -1.0107419168292608e-07, 1.0107419146088148e-07, -2.220446049250313e-16, 0.0, 0.0, 0.0, -1.0107419168292608e-07, -1.0107419168292608e-07, -1.01074191
68292608e-07, 0.0, -1.0107419168292608e-07, 0.0, 0.0, 0.0, 0.0, 0.0, 0.0, 0.0, 0.0, -1.0107419168292608e-07, 0.0, 0.0, 0.0, 0.0, 0.0, 0.0, -1.0107419168292608e-07, -1.0107419190
497069e-07, -2.220446049250313e-16, 0.0, 0.0, 0.0, 0.0, 0.0, -1.0107419168292608e-07, -1.0107419168292608e-07, -2.220446049250313e-16, 0.0, -2.220446049250313e-16, 0.0, 0.0, 0.0
, -1.0107419168292608e-07, -1.0107419168292608e-07, 0.0, 0.0, 0.0, 0.0, 0.0, -1.0107419168292608e-07, 0.0, 0.0, 0.0, 0.0, 0.0, 0.0, 0.0, 0.0, 0.0, -1.0107419168292608e-07, 0.0, 
0.0, 0.0, 0.0, 0.0, 0.0, 0.0, 0.0, 0.0, 0.0, 0.0, 0.0, 0.0, -1.0107419168292608e-07, -1.0107419168292608e-07, 0.0, 0.0, 0.0, 0.0, 0.0, 0.0, -1.0107419168292608e-07, 0.0, -2.2204
46049250313e-16, -1.0107419168292608e-07, 0.0, 0.0, 0.0, 0.0, -1.0107419190497069e-07, 0.0, 0.0, 0.0, 0.0, 0.0, 0.0, 0.0, -2.220446049250313e-16, 0.0, 0.0, 0.0, 0.0, -1.01074191
68292608e-07, 0.0, -2.220446049250313e-16, 0.0, -1.0107419190497069e-07, -1.0107419190497069e-07, 0.0, 0.0, -2.220446049250313e-16, -2.220446049250313e-16, -2.220446049250313e-1
6, 0.0, 0.0, -1.0107419168292608e-07, 0.0, 0.0, -1.0107419190497069e-07, 0.0, -2.220446049250313e-16, -2.220446049250313e-16, 0.0, -1.0107419168292608e-07, 0.0, 0.0, 0.0, 0.0, 0
.0, 0.0, -1.0107419168292608e-07, 0.0, 0.0, 0.0, 0.0, 0.0, -2.220446049250313e-16, 1.0107419168292608e-07, -1.0107419168292608e-07, -2.220446049250313e-16, 0.0, 0.0, 0.0, -2.220
446049250313e-16, 0.0, 0.0, 0.0, 0.0, 0.0, 0.0, 0.0, 0.0, 1.0107419168292608e-07, 1.0107419168292608e-07, 0.0, 0.0, 0.0, 0.0, -2.220446049250313e-16, 0.0, 0.0, 0.0, -1.010741916
8292608e-07, -1.0107419168292608e-07, 0.0, 0.0, 0.0, -1.0107419168292608e-07, 1.0107419146088148e-07, 1.0107419146088148e-07, 0.0, -2.220446049250313e-16, 0.0, 0.0, 2.2204460492
50313e-16, 2.220446049250313e-16, 0.0, -1.0107419168292608e-07, 0.0, 0.0, 0.0, -1.0107419168292608e-07, 0.0, 0.0, 0.0, -2.220446049250313e-16, -2.220446049250313e-16, 1.01074191
46088148e-07, 0.0, 0.0, 0.0, 0.0, 0.0, 0.0, 0.0, -2.220446049250313e-16, -2.220446049250313e-16, 0.0, 0.0, 0.0, 0.0, -1.0107419168292608e-07, 0.0, 0.0, 0.0, 0.0, 0.0, 0.0, 0.0, 
1.0107419168292608e-07, 0.0, 0.0, 0.0, 0.0, 0.0, 0.0, -1.0107419168292608e-07, -2.220446049250313e-16, -2.220446049250313e-16, 0.0, 0.0, -1.0107419168292608e-07, 0.0, 0.0, -1.01
07419168292608e-07, -2.220446049250313e-16, 0.0, 0.0, -1.0107419168292608e-07, 0.0, 0.0, 0.0, 0.0, -2.220446049250313e-16, 0.0, -2.220446049250313e-16, 0.0, 0.0, 0.0, 0.0, 0.0, 
0.0, 0.0, 1.0107419146088148e-07, 0.0, 0.0, 0.0, 0.0, 0.0, 0.0, 0.0, 0.0, -1.0107419168292608e-07, -1.0107419168292608e-07, 0.0, 0.0, 0.0, 0.0, 0.0, -1.0107419168292608e-07, -1.
0107419168292608e-07, 0.0, -1.0107419168292608e-07, -2.220446049250313e-16, 0.0, 0.0, 0.0, 0.0, 0.0, 0.0, 0.0, 0.0, 0.0, 0.0, 0.0, -1.0107419168292608e-07, 0.0, 0.0, 0.0, 0.0, 0
.0, 0.0, 0.0, 0.0, 0.0, 0.0, -1.0107419168292608e-07, 0.0, -1.0107419168292608e-07, -1.0107419168292608e-07, 0.0, -1.0107419168292608e-07, 0.0, -1.0107419168292608e-07, 0.0, -1.
0107419190497069e-07, 0.0, -1.0107419168292608e-07, 0.0, -1.0107419168292608e-07, -1.0107419168292608e-07, -1.0107419168292608e-07, -2.220446049250313e-16, 0.0, -1.0107419168292
608e-07, 0.0, -1.0107419168292608e-07, -1.0107419168292608e-07, -1.0107419168292608e-07, -1.0107419190497069e-07, 0.0, 0.0, -1.0107419168292608e-07, 0.0, 0.0, 0.0, -1.0107419168
292608e-07, 0.0, 0.0, 0.0, 0.0, 0.0, 0.0, -1.0107419168292608e-07, 0.0, 0.0, -2.220446049250313e-16, 0.0, 0.0, 0.0, 0.0, 0.0, 0.0, -1.0107419190497069e-07, -1.0107419190497069e-
07, -1.0107419168292608e-07, 0.0, 0.0, 1.0107419168292608e-07, 0.0, 0.0, 0.0, 0.0, 0.0, 0.0, 0.0, 0.0, 1.0107419168292608e-07, 0.0, -1.0107419190497069e-07, -2.220446049250313e-
16, 0.0, -2.220446049250313e-16, 0.0, 0.0, 0.0, 0.0, -1.0107419190497069e-07, 0.0, 0.0, 0.0, 0.0, 0.0, 0.0, 0.0, 0.0, -1.0107419168292608e-07, -2.220446049250313e-16, -2.2204460
49250313e-16, 0.0, 0.0, 0.0, 1.0107419168292608e-07, -1.0107419168292608e-07, 0.0, 0.0, 0.0, 0.0, 0.0, 1.0107419168292608e-07, 1.0107419168292608e-07, -1.0107419190497069e-07, 0
.0, 0.0, 0.0, 0.0, 0.0, 1.0107419168292608e-07, 1.0107419168292608e-07, 0.0, 0.0, -2.220446049250313e-16, 0.0, 0.0, 0.0, 0.0, 1.0107419168292608e-07, 0.0, 0.0, 1.010741914608814
8e-07, 0.0, 0.0, 0.0, 0.0, 0.0, 0.0, 0.0, 0.0, 0.0, 0.0, 0.0, 0.0, 0.0, 0.0, -2.220446049250313e-16, -2.220446049250313e-16, 0.0, 2.220446049250313e-16, 2.220446049250313e-16, 0
.0, -2.220446049250313e-16, 0.0, 0.0, 1.0107419168292608e-07, -1.0107419168292608e-07, 0.0, 0.0, 0.0, -1.0107419190497069e-07, -2.220446049250313e-16, 0.0, 1.0107419146088148e-0
7, 0.0, 0.0, 0.0, 0.0, -1.0107419190497069e-07, 0.0, 0.0, 0.0, -1.0107419168292608e-07, 0.0, 0.0, 0.0, 0.0, 0.0, -2.220446049250313e-16, -2.220446049250313e-16, 0.0, 0.0, 0.0, 0
.0, 0.0, -2.220446049250313e-16, 0.0, 0.0, 0.0, 0.0, 0.0, 0.0, -2.220446049250313e-16, 0.0, 0.0, 0.0, 0.0, 0.0, 0.0, 0.0, 0.0, 0.0, -2.220446049250313e-16, 0.0, 0.0, 0.0, 0.0, 0
.0, -2.220446049250313e-16, -2.220446049250313e-16, 1.0107419146088148e-07, 0.0, 0.0, 0.0, 0.0, 0.0, 0.0, 0.0, -2.220446049250313e-16, 0.0, 0.0, -1.0107419168292608e-07, 0.0, 0.
0, 0.0, -2.220446049250313e-16, -2.220446049250313e-16, 0.0, 2.220446049250313e-16, 2.220446049250313e-16, 0.0, 0.0, 1.0107419168292608e-07, -2.220446049250313e-16, -1.010741916
8292608e-07, 0.0, 0.0, 0.0, 0.0, 0.0, 0.0, 0.0, 0.0, 0.0, 0.0, 0.0, -2.220446049250313e-16, 0.0, 0.0, 1.0107419168292608e-07, -1.0107419168292608e-07, 0.0, 0.0, 0.0, -1.01074191
90497069e-07, 0.0, -2.220446049250313e-16, -2.220446049250313e-16, 0.0, 0.0, 0.0, 0.0, 0.0, 0.0, -2.220446049250313e-16, -2.220446049250313e-16, 0.0, 0.0, 0.0, 0.0, -1.010741919
0497069e-07, 0.0, 1.0107419168292608e-07, -2.220446049250313e-16, 0.0, 0.0, 0.0, 0.0, -2.220446049250313e-16, -2.220446049250313e-16, -2.220446049250313e-16, 0.0, 0.0, 0.0, 0.0,
 0.0, 0.0, 0.0, 0.0, 1.0107419168292608e-07, 0.0, 0.0, 0.0, 0.0, 0.0, 0.0, 1.0107419168292608e-07, -2.220446049250313e-16, 0.0, -1.0107419168292608e-07, 0.0, 0.0, 0.0, 0.0, -2.2
20446049250313e-16, -2.220446049250313e-16, -1.0107419146088148e-07, 2.220446049250313e-16, 0.0, -1.0107419168292608e-07, -2.220446049250313e-16, -1.0107419168292608e-07, -2.220
446049250313e-16, 0.0, -2.220446049250313e-16, 0.0, 0.0, 0.0, 0.0, -1.0107419190497069e-07, -1.0107419190497069e-07, -1.0107419168292608e-07, 0.0, 0.0, 0.0, 0.0, 0.0, 0.0, -1.01
07419168292608e-07, 0.0, -2.220446049250313e-16, 0.0, 0.0, -1.0107419190497069e-07, -2.220446049250313e-16, -1.0107419168292608e-07, -2.220446049250313e-16, 0.0, 0.0, 0.0, 0.0, 
-2.220446049250313e-16, -1.0107419168292608e-07, 0.0, -2.220446049250313e-16, 0.0, 0.0, 0.0, 0.0, 0.0, -1.0107419168292608e-07, 0.0, 0.0, 0.0, 0.0, 0.0, 0.0, -1.0107419190497069
e-07, -1.0107419168292608e-07, -1.0107419168292608e-07, -1.0107419168292608e-07, 0.0, -2.220446049250313e-16, 0.0, 0.0, 0.0, 0.0, -1.0107419168292608e-07, 0.0, -2.22044604925031
3e-16, 1.0107419168292608e-07, -1.0107419168292608e-07, 0.0, 0.0, -1.0107419168292608e-07, -1.0107419168292608e-07, -1.0107419168292608e-07, 0.0, 0.0, 0.0, 0.0, -2.2204460492503
13e-16, -1.0107419168292608e-07, -1.0107419146088148e-07, -1.0107419146088148e-07, 0.0, -1.0107419168292608e-07, -1.0107419168292608e-07, 0.0, 0.0, -2.220446049250313e-16, 0.0, 
0.0, -1.0107419168292608e-07, 0.0, -2.220446049250313e-16, -2.220446049250313e-16, 0.0, 0.0, 0.0, 0.0, 0.0, 0.0, -1.0107419168292608e-07, 0.0, 0.0, -2.220446049250313e-16, 0.0, 
0.0, -1.0107419190497069e-07, 0.0, 0.0, -2.220446049250313e-16, 0.0, 0.0, 0.0, 0.0, 0.0, -1.0107419168292608e-07, -1.0107419168292608e-07, 0.0, 0.0, 0.0, 0.0, 0.0, 0.0, 0.0, 0.0
, -1.0107419168292608e-07, 0.0, 0.0, 0.0, 0.0, -2.220446049250313e-16, -1.0107419168292608e-07, 0.0, 0.0, 0.0, -2.220446049250313e-16, -1.0107419168292608e-07, 0.0, 0.0, 0.0, 0.
0, -1.0107419168292608e-07, -2.220446049250313e-16, 0.0, 0.0, 0.0, 0.0, -1.0107419168292608e-07, 0.0, -1.0107419168292608e-07, 0.0, 0.0, 0.0, 0.0, 0.0, 0.0, 0.0, 0.0, 0.0, -1.01
07419190497069e-07, -2.220446049250313e-16, 1.0107419146088148e-07, -2.220446049250313e-16, -1.0107419168292608e-07, -1.0107419168292608e-07, 0.0, 0.0, -1.0107419168292608e-07, 
0.0, 0.0, 0.0, -1.0107419168292608e-07, -1.0107419168292608e-07, 0.0, 0.0, 0.0, -2.220446049250313e-16, 0.0, 0.0, -1.0107419168292608e-07, -1.0107419168292608e-07, 0.0, 0.0, -1.
0107419168292608e-07, 0.0, 0.0, 1.0107419168292608e-07, 0.0, -1.0107419168292608e-07, 0.0, 0.0, 0.0, -2.220446049250313e-16, 0.0, 0.0, -1.0107419168292608e-07, -1.01074191682926
08e-07, 0.0, 0.0, -2.220446049250313e-16, 0.0, 0.0, -2.220446049250313e-16, -2.220446049250313e-16, -1.0107419168292608e-07, 0.0, 0.0, 0.0, -2.220446049250313e-16, 1.01074191460
88148e-07, -2.220446049250313e-16, 0.0, -1.0107419168292608e-07, 0.0, 0.0, 0.0, 0.0, 0.0, 0.0, -1.0107419168292608e-07, -1.0107419190497069e-07, 0.0, 0.0, 0.0, -1.01074191904970
69e-07, 1.0107419168292608e-07, 1.0107419168292608e-07, 0.0, 0.0, 0.0, 0.0, 0.0, 0.0, 0.0, 0.0, 0.0, 0.0, 0.0, 0.0, 0.0, 0.0, -1.0107419168292608e-07, 0.0, 1.0107419168292608e-0
7, 0.0, -1.0107419168292608e-07, 0.0, 0.0, 0.0, 0.0, 1.0107419168292608e-07, 0.0, 1.0107419168292608e-07, -1.0107419168292608e-07, -2.220446049250313e-16, 0.0, 0.0, -1.010741916
8292608e-07, 0.0, 0.0, -2.220446049250313e-16, -2.220446049250313e-16, -2.220446049250313e-16, 0.0, 0.0, 0.0, 0.0, 0.0, -2.220446049250313e-16, 0.0, -1.0107419168292608e-07, 0.0
, 0.0, 0.0, 0.0, 0.0, 0.0, -1.0107419168292608e-07, -1.0107419168292608e-07, 0.0, 0.0, 0.0, 0.0, 1.0107419168292608e-07, 0.0, -1.0107419190497069e-07, -2.220446049250313e-16, 0.
0, 0.0, -1.0107419168292608e-07, -2.220446049250313e-16, 0.0, 1.0107419168292608e-07, 0.0, 0.0, 0.0, 0.0, -1.0107419168292608e-07, 0.0, 0.0, 0.0, -1.0107419190497069e-07, -1.010
7419168292608e-07, 0.0, 0.0, -1.0107419168292608e-07, -1.0107419146088148e-07, 0.0, 0.0, -1.0107419168292608e-07, -1.0107419190497069e-07, -2.220446049250313e-16, 0.0, 0.0, 0.0,
 0.0, -1.0107419168292608e-07, -1.0107419168292608e-07, 0.0, 0.0, -1.0107419168292608e-07, 0.0, 0.0, 0.0, 0.0, 0.0, -1.0107419168292608e-07, 0.0, 0.0, 0.0, 0.0, 0.0, -1.01074191
68292608e-07, 0.0, -1.0107419168292608e-07, -1.0107419168292608e-07, -1.0107419168292608e-07, -1.0107419168292608e-07, -1.0107419168292608e-07, 0.0, -1.0107419168292608e-07, -1.
0107419168292608e-07, 0.0, -1.0107419168292608e-07, 0.0, -1.0107419168292608e-07, 0.0, 0.0, 0.0, 0.0, -1.0107419168292608e-07, -1.0107419168292608e-07, 0.0, 0.0, 0.0, 0.0, 0.0, 
0.0, -1.0107419168292608e-07, -1.0107419168292608e-07, -1.0107419190497069e-07, 0.0, 0.0, 0.0, 0.0, 0.0, 0.0, 0.0, 0.0, -1.0107419168292608e-07, 0.0, 0.0, 0.0, 0.0, -1.010741919
0497069e-07, -1.0107419190497069e-07, 0.0, -1.0107419168292608e-07, -1.0107419168292608e-07, -1.0107419168292608e-07, 0.0, 0.0, -1.0107419190497069e-07, -2.220446049250313e-16, 
0.0, -2.220446049250313e-16, 0.0, 0.0, 0.0, 1.0107419168292608e-07, -1.0107419168292608e-07, 0.0, 0.0, 0.0, 0.0, 0.0, 0.0, 0.0, 0.0, -1.0107419168292608e-07, 0.0, 0.0, 0.0, 0.0,
 0.0, 0.0, -1.0107419168292608e-07, -2.220446049250313e-16, 0.0, 0.0, 0.0, 0.0, 1.0107419168292608e-07, 1.0107419168292608e-07, -1.0107419168292608e-07, 0.0, 0.0, -2.22044604925
0313e-16, 0.0, 0.0, 1.0107419168292608e-07, 1.0107419168292608e-07, 0.0, 0.0, 0.0, 0.0, 0.0, 0.0, 0.0, 1.0107419168292608e-07, -2.220446049250313e-16, -2.220446049250313e-16, 1.
0107419168292608e-07, 0.0, 0.0, 0.0, 0.0, 1.0107419168292608e-07, 0.0, 0.0, -2.220446049250313e-16, 0.0, 0.0, 0.0, 0.0, 0.0, -2.220446049250313e-16, -2.220446049250313e-16, 0.0,
 0.0, 0.0, 1.0107419168292608e-07, 0.0, 0.0, 0.0, -2.220446049250313e-16, 0.0, -1.0107419168292608e-07, 1.0107419168292608e-07, 0.0, 0.0, 0.0, 0.0, -2.220446049250313e-16, 0.0, 
0.0, 1.0107419168292608e-07, 0.0, 0.0, -2.220446049250313e-16, 0.0, 0.0, 0.0, 0.0, 1.0107419168292608e-07, 0.0, 0.0, 0.0, 0.0, 0.0, 0.0, -1.0107419168292608e-07, 0.0, 0.0, 0.0, 
0.0, 0.0, 0.0, -2.220446049250313e-16, -1.0107419168292608e-07, 0.0, 0.0, 0.0, 0.0, -2.220446049250313e-16, 0.0, 1.0107419146088148e-07, 0.0, 0.0, 0.0, 0.0, 0.0, 0.0, 0.0, 0.0, 
-1.0107419168292608e-07, 0.0, 0.0, 0.0, -2.220446049250313e-16, 0.0, 0.0, 0.0, -1.0107419168292608e-07, 0.0, 0.0, 0.0, -2.220446049250313e-16, -1.0107419168292608e-07, 0.0, -2.2
20446049250313e-16, 2.220446049250313e-16, 1.0107419190497069e-07, -1.0107419190497069e-07, -2.220446049250313e-16, 0.0, 1.0107419146088148e-07, 0.0, 0.0, 0.0, 0.0, -1.010741916
8292608e-07, 0.0, 0.0, 0.0, -1.0107419168292608e-07, 0.0, 0.0, 0.0, 0.0, 0.0, 0.0, 0.0, 0.0, 0.0, 0.0, 0.0, -1.0107419168292608e-07, -2.220446049250313e-16, 0.0, 0.0, 0.0, 0.0, 
0.0, 0.0, 0.0, 0.0, 0.0, -2.220446049250313e-16, 0.0, 0.0, 0.0, 0.0, 0.0, 0.0, 0.0, 0.0, 0.0, 0.0, 0.0, 0.0, -2.220446049250313e-16, -2.220446049250313e-16, 1.0107419168292608e-
07, -2.220446049250313e-16, 0.0, 0.0, 0.0, 0.0, 0.0, 0.0, -2.220446049250313e-16, 0.0, 0.0, 0.0, 0.0, 0.0, -2.220446049250313e-16, -2.220446049250313e-16, 0.0, 0.0, 0.0, 1.01074
19168292608e-07, 0.0, -2.220446049250313e-16, 0.0, -1.0107419168292608e-07, -1.0107419168292608e-07, 0.0, 0.0, 0.0, 0.0, -1.0107419190497069e-07, 0.0, 0.0, 0.0, 0.0, 1.010741916
8292608e-07, 0.0, 0.0, -1.0107419168292608e-07, 0.0, -1.0107419190497069e-07, -2.220446049250313e-16, -2.220446049250313e-16, 0.0, 0.0, 0.0, 0.0, -1.0107419190497069e-07, -1.010
7419190497069e-07, -1.0107419190497069e-07, 0.0, 0.0, 0.0, 0.0, 0.0, -1.0107419168292608e-07, -2.220446049250313e-16, -1.0107419168292608e-07, 0.0, 0.0, 0.0, 0.0, -1.01074191682
92608e-07, -1.0107419190497069e-07, -1.0107419168292608e-07, -1.0107419190497069e-07, -1.0107419190497069e-07, -2.220446049250313e-16, 0.0, 0.0, 0.0, 0.0, -1.0107419168292608e-0
7, 0.0, -2.220446049250313e-16, 0.0, 0.0, 0.0, 0.0, -1.0107419190497069e-07, -1.0107419168292608e-07, -1.0107419190497069e-07, -1.0107419168292608e-07, -1.0107419168292608e-07, 
0.0, 0.0, 0.0, -1.0107419190497069e-07, -1.0107419168292608e-07, -1.0107419168292608e-07, -2.220446049250313e-16, 0.0, -1.0107419168292608e-07, -1.0107419168292608e-07, 0.0, -1.
0107419168292608e-07, 0.0, 0.0, -1.0107419190497069e-07, 0.0, -1.0107419168292608e-07, 0.0, 0.0, 0.0, 0.0, 0.0, 0.0, -1.0107419168292608e-07, -1.0107419190497069e-07, -1.0107419
168292608e-07, -2.220446049250313e-16, 0.0, 0.0, 0.0, -1.0107419168292608e-07, -1.0107419168292608e-07, -2.220446049250313e-16, -2.220446049250313e-16, 0.0, 0.0, 0.0, 0.0, 0.0, 
-1.0107419168292608e-07, -1.0107419190497069e-07, 0.0, 0.0, 0.0, 0.0, 0.0, 0.0, -1.0107419190497069e-07, -1.0107419168292608e-07, -1.0107419190497069e-07, -2.220446049250313e-16
, -2.220446049250313e-16, 0.0, 0.0, 0.0, 0.0, -1.0107419168292608e-07, 0.0, -2.220446049250313e-16, 1.0107419168292608e-07, 0.0, 0.0, 0.0, -1.0107419168292608e-07, -1.0107419168
292608e-07, -2.220446049250313e-16, 0.0, 0.0, 0.0, 0.0, 0.0, -1.0107419190497069e-07, -1.0107419168292608e-07, -1.0107419168292608e-07, 0.0, 0.0, 0.0, 0.0, -2.220446049250313e-1
6, 0.0, 0.0, 0.0, 0.0, 0.0, -2.220446049250313e-16, 0.0, 0.0, 0.0, -1.0107419168292608e-07, 0.0, 0.0, 0.0, 0.0, 0.0, 1.0107419168292608e-07, -1.0107419168292608e-07, 0.0, 0.0, 0
.0, 0.0, 0.0, -2.220446049250313e-16, -2.220446049250313e-16, 0.0, -2.220446049250313e-16, 0.0, 0.0, 0.0, -2.220446049250313e-16, 0.0, 0.0, -1.0107419168292608e-07, 0.0, 0.0, 0.
0, -1.0107419168292608e-07, 0.0, 0.0, 1.0107419168292608e-07, 0.0, 0.0, 0.0, 0.0, 0.0, -2.220446049250313e-16, 0.0, 1.0107419146088148e-07, -1.0107419168292608e-07, -1.010741916
8292608e-07, 0.0, 0.0, 0.0, 0.0, 0.0, 0.0, -1.0107419168292608e-07, -1.0107419190497069e-07, 0.0, 0.0, 0.0, 1.0107419168292608e-07, 0.0, 0.0, 1.0107419168292608e-07, 0.0, 0.0, 0
.0, 0.0, 0.0, 0.0, 0.0, 0.0, 0.0, -2.220446049250313e-16, 0.0, 0.0, 0.0, 0.0, 1.0107419146088148e-07, 0.0, 0.0, 0.0, 0.0, 0.0, 0.0, 0.0, -2.220446049250313e-16, 0.0, 1.010741916
8292608e-07, 0.0, 0.0, 0.0, 0.0, 0.0, 0.0, 0.0, 0.0, 0.0, -2.220446049250313e-16, 0.0, 0.0, 0.0, 0.0, 0.0, 1.0107419146088148e-07, 0.0, 0.0, 0.0, 0.0, 0.0, 0.0, -2.2204460492503
13e-16, 1.0107419168292608e-07, -2.220446049250313e-16, 0.0, 0.0, 0.0, 0.0, -2.220446049250313e-16, 0.0, 0.0, 0.0, -1.0107419168292608e-07, 0.0, 0.0, 0.0, 1.0107419168292608e-07
, 0.0, 0.0, -1.0107419168292608e-07, 0.0, -1.0107419190497069e-07, 0.0, -2.220446049250313e-16, 0.0, 0.0, 0.0, 0.0, -2.220446049250313e-16, -2.220446049250313e-16, 0.0, -1.01074
19168292608e-07, 0.0, 0.0, 0.0, 0.0, -1.0107419190497069e-07, -1.0107419190497069e-07, 0.0, -2.220446049250313e-16, 0.0, 0.0, 0.0, 0.0, 0.0, 0.0, -2.220446049250313e-16, 0.0, 0.
0, 0.0, -1.0107419168292608e-07, -1.0107419168292608e-07, 0.0, -2.220446049250313e-16, 0.0, 0.0, 0.0, 0.0, 0.0, 0.0, -2.220446049250313e-16, -1.0107419190497069e-07, -1.01074191
68292608e-07, -2.220446049250313e-16, 0.0, 0.0, 0.0, 0.0, -1.0107419168292608e-07, -1.0107419168292608e-07, -2.220446049250313e-16, -2.220446049250313e-16, -1.0107419168292608e-
07, -1.0107419168292608e-07, 0.0, 0.0, -1.0107419168292608e-07, -1.0107419168292608e-07, -1.0107419168292608e-07, -2.220446049250313e-16, -1.0107419168292608e-07, 0.0, 0.0, 0.0,
 0.0, -1.0107419190497069e-07, 0.0, -2.220446049250313e-16, 0.0, 0.0, 0.0, 0.0, -2.220446049250313e-16, -2.220446049250313e-16, 0.0, 0.0, 0.0, 0.0, 0.0, 1.0107419168292608e-07, 
-1.0107419190497069e-07, -1.0107419190497069e-07, 0.0, -2.220446049250313e-16, 0.0, 0.0, 1.0107419168292608e-07, 1.0107419168292608e-07, 0.0, 0.0, -2.220446049250313e-16, 0.0, 0
.0, 0.0, 1.0107419168292608e-07, 1.0107419168292608e-07, 0.0, -2.220446049250313e-16, 0.0, 0.0, 0.0, 0.0, 0.0, 1.0107419168292608e-07, -2.220446049250313e-16, -1.010741919049706
9e-07, 0.0, -2.220446049250313e-16, 0.0, 0.0, 0.0, 0.0, -1.0107419168292608e-07, -1.0107419168292608e-07, -2.220446049250313e-16, -2.220446049250313e-16, 0.0, 0.0, 0.0, 0.0, 0.0
, 0.0, 0.0, -2.220446049250313e-16, -1.0107419168292608e-07, 0.0, 0.0, -2.220446049250313e-16, 0.0, 0.0, 0.0, -1.0107419168292608e-07, 0.0, 0.0, 0.0, -2.220446049250313e-16, 0.0
, -2.220446049250313e-16, -2.220446049250313e-16, 0.0, 0.0, 0.0, 0.0, 0.0, 0.0, 0.0, -2.220446049250313e-16, 0.0, 0.0, 0.0, 0.0, -2.220446049250313e-16, 0.0, 0.0, 0.0, 0.0, 0.0,
 0.0, 0.0, 0.0, -2.220446049250313e-16, -2.220446049250313e-16, 0.0, 0.0, 0.0, 0.0, 0.0, 0.0, 0.0, 1.0107419168292608e-07, 0.0, 0.0, 0.0, 0.0, 0.0, 0.0, 0.0, 0.0, -2.22044604925
0313e-16, 0.0, -1.0107419168292608e-07, 0.0, 0.0, 0.0, 0.0, -2.220446049250313e-16, -2.220446049250313e-16, 1.0107419190497069e-07, 1.0107419190497069e-07, 0.0, 0.0, -2.22044604
9250313e-16, 1.0107419168292608e-07, 0.0, 0.0, 0.0, 0.0, -1.0107419168292608e-07, 0.0, -2.220446049250313e-16, 0.0, -1.0107419168292608e-07, 0.0, 0.0, 0.0, 0.0, 0.0, 0.0, 0.0, -
1.0107419168292608e-07, 1.0107419168292608e-07, 0.0, 0.0, -2.220446049250313e-16, 0.0, 1.0107419168292608e-07, -2.220446049250313e-16, 0.0, 0.0, 0.0, 0.0, 0.0, 0.0, -2.220446049
250313e-16, 1.0107419146088148e-07, 0.0, 0.0, 0.0, 0.0, 0.0, 0.0, 0.0, 1.0107419168292608e-07, 0.0, 0.0, 0.0, 0.0, -1.0107419190497069e-07, 0.0, 1.0107419168292608e-07, 0.0, 0.0
, 0.0, 0.0, 0.0, -2.220446049250313e-16, 0.0, 0.0, 0.0, -1.0107419168292608e-07, -1.0107419168292608e-07, 0.0, 0.0, -2.220446049250313e-16, -2.220446049250313e-16, 0.0, -2.22044
6049250313e-16, 0.0, 0.0, 0.0, 0.0, 0.0, 0.0, -2.220446049250313e-16, 0.0, -2.220446049250313e-16, 0.0, -1.0107419168292608e-07, 0.0, 0.0, -1.0107419168292608e-07, -1.0107419168
292608e-07, -2.220446049250313e-16, -1.0107419168292608e-07, 0.0, 0.0, -2.220446049250313e-16, -1.0107419190497069e-07, 0.0, -1.0107419168292608e-07, 0.0, 0.0, 0.0, 0.0, 0.0, 0.
0, -1.0107419168292608e-07, 0.0, 0.0, 0.0, 0.0, -1.0107419168292608e-07, 0.0, 0.0, -2.220446049250313e-16, 0.0, -2.220446049250313e-16, 0.0, 0.0, 0.0, 0.0, 0.0, 0.0, 0.0, -2.220
446049250313e-16, -2.220446049250313e-16, 0.0, 0.0, 0.0, 0.0, 0.0, 0.0, -1.0107419168292608e-07, 0.0, 0.0, -2.220446049250313e-16, 0.0, 0.0, 0.0, 0.0, 0.0, -1.0107419168292608e-
07, -1.0107419168292608e-07, -1.0107419168292608e-07, 0.0, 0.0, -1.0107419168292608e-07, 0.0, -1.0107419168292608e-07, -1.0107419168292608e-07, 0.0, 0.0, 0.0, -2.220446049250313
e-16, 0.0, 0.0, 0.0, -1.0107419168292608e-07, -1.0107419168292608e-07, 0.0, 0.0, 0.0, 0.0, 0.0, 0.0, -1.0107419168292608e-07, -1.0107419168292608e-07, -1.0107419168292608e-07, 0
.0, 0.0, 0.0, 0.0, 0.0, 0.0, -1.0107419168292608e-07, 0.0, 0.0, 1.0107419168292608e-07, 0.0, 0.0, 0.0, -1.0107419168292608e-07, -1.0107419168292608e-07, 0.0, 0.0, 0.0, 0.0, 0.0,
 -2.220446049250313e-16, -1.0107419168292608e-07, -1.0107419168292608e-07, -1.0107419146088148e-07, 0.0, -1.0107419168292608e-07, -2.220446049250313e-16, 0.0, 0.0, 0.0, -1.01074
19168292608e-07, 0.0, 0.0, 0.0, 0.0, 0.0, 0.0, -1.0107419168292608e-07, 0.0, 0.0, 0.0, 0.0, 0.0, -2.220446049250313e-16, 1.0107419146088148e-07, -1.0107419168292608e-07, -2.2204
46049250313e-16, 0.0, 0.0, 0.0, -2.220446049250313e-16, 0.0, 0.0, 0.0, 0.0, 0.0, 0.0, 0.0, 0.0, 1.0107419168292608e-07, 1.0107419168292608e-07, 0.0, 0.0, 0.0, 0.0, 0.0, -2.22044
6049250313e-16, 0.0, -2.220446049250313e-16, -1.0107419168292608e-07, -1.0107419168292608e-07, 0.0, 0.0, 0.0, -1.0107419168292608e-07, 1.0107419168292608e-07, 1.0107419168292608
e-07, 0.0, -1.0107419190497069e-07, 0.0, 0.0, 0.0, 2.220446049250313e-16, 0.0, -2.220446049250313e-16, 0.0, 0.0, 0.0, 0.0, 0.0, 0.0, 0.0, -1.0107419168292608e-07, 1.010741916829
2608e-07, 0.0, -1.0107419168292608e-07, 0.0, 0.0, 0.0, 0.0, 0.0, 1.0107419168292608e-07, -2.220446049250313e-16, 0.0, 0.0, 0.0, 0.0, -1.0107419168292608e-07, 0.0, 0.0, 0.0, -1.0
107419168292608e-07, 0.0, 0.0, 0.0, 0.0, -1.0107419168292608e-07, 0.0, 0.0, 0.0, 0.0, 0.0, 0.0, 0.0, 0.0, 1.0107419168292608e-07, 1.0107419168292608e-07, 0.0, 0.0, 0.0, 0.0, 0.0
, 0.0, 0.0, 0.0, 0.0, -2.220446049250313e-16, 0.0, 0.0, -1.0107419168292608e-07, 2.220446049250313e-16, 0.0, 0.0, -1.0107419168292608e-07, -1.0107419168292608e-07, 0.0, -1.01074
19168292608e-07, 0.0, -1.0107419168292608e-07, 0.0, -1.0107419168292608e-07, 0.0, -1.0107419168292608e-07, 0.0, -1.0107419168292608e-07, -1.0107419190497069e-07, -1.010741916829
2608e-07, 0.0, 0.0, 0.0, 0.0, -1.0107419190497069e-07, 0.0, -1.0107419168292608e-07, 0.0, 0.0, 0.0, 0.0, -1.0107419168292608e-07, -1.0107419190497069e-07, -1.0107419168292608e-0
7, 0.0, 0.0, 0.0, -1.0107419168292608e-07, 0.0, -1.0107419168292608e-07, 0.0, 0.0, 0.0, 0.0, 0.0, -1.0107419168292608e-07, 0.0, -1.0107419168292608e-07, -2.220446049250313e-16, 
0.0, -1.0107419190497069e-07, 0.0, 0.0, 0.0, 0.0, 0.0, 0.0, -2.220446049250313e-16, -1.0107419190497069e-07, -1.0107419146088148e-07, -1.0107419146088148e-07, 0.0, 0.0, 0.0, -1.
0107419168292608e-07, 0.0, 0.0, 0.0, 0.0, 0.0, 1.0107419168292608e-07, 0.0, -1.0107419168292608e-07, 0.0, 0.0, 0.0, 0.0, 0.0, 0.0, -1.0107419168292608e-07, -2.220446049250313e-1
6, -2.220446049250313e-16, 0.0, 0.0, 0.0, 1.0107419168292608e-07, 1.0107419168292608e-07, 0.0, 0.0, 0.0, -2.220446049250313e-16, 0.0, 0.0, 0.0, 1.0107419168292608e-07, 0.0, -1.0
107419190497069e-07, 0.0, 0.0, 0.0, 0.0, 0.0, 0.0, -2.220446049250313e-16, 0.0, -2.220446049250313e-16, 0.0, 0.0, 0.0, 0.0, 0.0, -2.220446049250313e-16, 0.0, 0.0, 0.0, 0.0, 2.22
0446049250313e-16, 0.0, -2.220446049250313e-16, 0.0, -2.220446049250313e-16, 1.0107419146088148e-07, 0.0, 1.0107419168292608e-07, 0.0, 0.0, 0.0, 0.0, 0.0, -2.220446049250313e-16
, 0.0, 0.0, 0.0, 0.0, -2.220446049250313e-16, 0.0, 0.0, 0.0, 0.0, 0.0, 0.0, 0.0, 0.0, -2.220446049250313e-16, -2.220446049250313e-16, 0.0, 0.0, 0.0, 0.0, 0.0, 0.0, 0.0, 0.0, 0.0
, 0.0, 0.0, 0.0, 0.0, 0.0, 0.0, 0.0, -2.220446049250313e-16, 0.0, 0.0, 0.0, 0.0, 0.0, 0.0, 1.0107419146088148e-07, -2.220446049250313e-16, 2.220446049250313e-16, 1.0107419190497
069e-07, -2.220446049250313e-16, -2.220446049250313e-16, 0.0, 1.0107419168292608e-07, 0.0, 0.0, 0.0, 0.0, -2.220446049250313e-16, -2.220446049250313e-16, 0.0, -2.220446049250313
e-16, 0.0, 0.0, 0.0, 0.0, 0.0, 0.0, 0.0, -2.220446049250313e-16, 0.0, 0.0, 0.0, 0.0, 0.0, -2.220446049250313e-16, 0.0, 0.0, 0.0, 0.0, 0.0, 0.0, -2.220446049250313e-16, -2.220446
049250313e-16, 0.0, -2.220446049250313e-16, 0.0, 0.0, 0.0, 0.0, -1.0107419168292608e-07, 0.0, 1.0107419146088148e-07, -2.220446049250313e-16, 0.0, 0.0, 0.0, 0.0, 0.0, 0.0, 1.010
7419168292608e-07, -2.220446049250313e-16, -1.0107419168292608e-07, 0.0, 0.0, 0.0, -1.0107419168292608e-07, 0.0, -1.0107419168292608e-07, 0.0, 0.0, 0.0, 0.0, -1.0107419168292608
e-07, 0.0, 0.0, 0.0, -2.220446049250313e-16, 0.0, 0.0, 0.0, 0.0, -1.0107419168292608e-07, -1.0107419168292608e-07, -2.220446049250313e-16, 0.0, 0.0, 0.0, 0.0, 0.0, 0.0, 0.0, -1.
0107419168292608e-07, 0.0, 0.0, 0.0, 0.0, 0.0, 0.0, -2.220446049250313e-16, 0.0, 0.0, 0.0, 0.0, 0.0, 0.0, 0.0, 0.0, -1.0107419168292608e-07, -2.220446049250313e-16, -2.220446049
250313e-16, 0.0, -1.0107419168292608e-07, -1.0107419168292608e-07, 0.0, 2.220446049250313e-16, 2.220446049250313e-16, -1.0107419190497069e-07, -2.220446049250313e-16, 0.0, -2.22
0446049250313e-16, 0.0, 0.0, 0.0, 0.0, -2.220446049250313e-16, -1.0107419168292608e-07, -1.0107419168292608e-07, -1.0107419168292608e-07, 0.0, 0.0, 0.0, 0.0, 0.0, -1.01074191682
92608e-07, -1.0107419168292608e-07, -1.0107419168292608e-07, 0.0, 0.0, 0.0, 0.0, -1.0107419190497069e-07, -1.0107419168292608e-07, 0.0, -1.0107419168292608e-07, 0.0, -2.22044604
9250313e-16, 0.0, 0.0, 0.0, 0.0, -1.0107419168292608e-07, -1.0107419168292608e-07, 0.0, 0.0, 0.0, 0.0, 0.0, -1.0107419168292608e-07, -1.0107419190497069e-07, 0.0, 0.0, 0.0, 0.0,
 0.0, -2.220446049250313e-16, -1.0107419168292608e-07, 2.220446049250313e-16, 1.0107419190497069e-07, 0.0, -2.220446049250313e-16, -1.0107419168292608e-07, -2.220446049250313e-1
6, 0.0, -1.0107419190497069e-07, -1.0107419190497069e-07, 0.0, 0.0, -2.220446049250313e-16, 0.0, -2.220446049250313e-16, 0.0, -1.0107419168292608e-07, 0.0, 0.0, 0.0, -1.01074191
68292608e-07, -2.220446049250313e-16, 1.0107419168292608e-07, 1.0107419168292608e-07, -1.0107419168292608e-07, 0.0, 0.0, 0.0, 0.0, 0.0, 0.0, 0.0, -2.220446049250313e-16, -1.0107
419190497069e-07, 0.0, 0.0, 0.0, 0.0, 1.0107419146088148e-07, -2.220446049250313e-16, 0.0, 0.0, 0.0, 0.0, 0.0, 0.0, -2.220446049250313e-16, -2.220446049250313e-16, -1.0107419190
497069e-07, -1.0107419168292608e-07, 0.0, 0.0, -1.0107419168292608e-07, 0.0, -1.0107419190497069e-07, 0.0, -2.220446049250313e-16, 1.0107419168292608e-07, -2.220446049250313e-16
, -2.220446049250313e-16, 0.0, 0.0, -1.0107419190497069e-07, 0.0, -2.220446049250313e-16, 0.0, -1.0107419168292608e-07, -1.0107419168292608e-07, 0.0, 0.0, 0.0, -2.22044604925031
3e-16, 0.0, 0.0, 0.0, -1.0107419168292608e-07, 0.0, 0.0, 0.0, 0.0, 0.0, 0.0, -1.0107419190497069e-07, -2.220446049250313e-16, 0.0, 0.0, -1.0107419168292608e-07, 0.0, -2.22044604
9250313e-16, 0.0, -1.0107419168292608e-07, 0.0, 0.0, 0.0, -1.0107419168292608e-07, 0.0, -2.220446049250313e-16, -2.220446049250313e-16, -2.220446049250313e-16, 0.0, 0.0, 0.0, -1
.0107419168292608e-07, 0.0, 0.0, 0.0, 0.0, -1.0107419168292608e-07, -1.0107419168292608e-07, 0.0, 0.0, 0.0, 0.0, 0.0, 0.0, -2.220446049250313e-16, 0.0, 0.0, 0.0, 0.0, 0.0, -1.01
07419168292608e-07, -1.0107419168292608e-07, 0.0, 0.0, -2.220446049250313e-16, 0.0, 0.0, 0.0, 0.0, 0.0, 0.0, -1.0107419168292608e-07, -1.0107419168292608e-07, 0.0, -1.0107419168
292608e-07, 0.0, 0.0, 0.0, -1.0107419168292608e-07, -1.0107419168292608e-07, 0.0, 0.0, -1.0107419168292608e-07, -1.0107419168292608e-07, 0.0, 0.0, -1.0107419168292608e-07, -1.01
07419190497069e-07, -1.0107419190497069e-07, 0.0, 2.220446049250313e-16, 2.220446049250313e-16, 0.0, 1.0107419168292608e-07, -2.220446049250313e-16, -2.220446049250313e-16, 0.0,
 0.0, 0.0, 0.0, 0.0, 0.0, -1.0107419168292608e-07, -1.0107419190497069e-07, -1.0107419168292608e-07, 0.0, 0.0, 0.0, 0.0, 0.0, 0.0, -1.0107419168292608e-07, 0.0, 0.0, 0.0, 0.0, 0
.0, 0.0, -1.0107419190497069e-07, -2.220446049250313e-16, 0.0, -1.0107419190497069e-07, 0.0, 0.0, 0.0, 0.0, -1.0107419168292608e-07, 0.0, -2.220446049250313e-16, 0.0, 0.0, 0.0, 
1.0107419168292608e-07, 1.0107419168292608e-07, 0.0, -2.220446049250313e-16, -2.220446049250313e-16, 0.0, -1.0107419146088148e-07, 2.220446049250313e-16, 0.0, 0.0, 0.0, 0.0, 0.0
, 0.0, 0.0, 0.0, 0.0, -2.220446049250313e-16, 0.0, 1.0107419168292608e-07, 0.0, 0.0, 0.0, 0.0, 0.0, 0.0, 0.0, -2.220446049250313e-16, 0.0, 0.0, 0.0, 0.0, 0.0, 0.0, 0.0, -2.22044
6049250313e-16, 1.0107419168292608e-07, 0.0, 0.0, 0.0, 0.0, -1.0107419168292608e-07, -2.220446049250313e-16, 1.0107419168292608e-07, 0.0, 0.0, -1.0107419168292608e-07, 0.0, 0.0,
 0.0, -2.220446049250313e-16, -2.220446049250313e-16, 0.0, -1.0107419168292608e-07, 0.0, 0.0, 0.0, -2.220446049250313e-16, 0.0, 0.0, 0.0, 0.0, 0.0, 0.0, -2.220446049250313e-16, 
0.0, 0.0, 0.0, 0.0, 0.0, 0.0, -2.220446049250313e-16, 0.0, 0.0, 1.0107419168292608e-07, 1.0107419168292608e-07, 0.0, 0.0, 0.0, 0.0, 0.0, 0.0, 0.0, 0.0, 1.0107419168292608e-07, 0
.0, 1.0107419168292608e-07, 0.0, -2.220446049250313e-16, 0.0, 0.0, 0.0, 0.0, 0.0, 0.0, 1.0107419146088148e-07, 0.0, 1.0107419168292608e-07, 0.0, 0.0, 2.220446049250313e-16, 0.0,
 -2.220446049250313e-16, -1.0107419168292608e-07, -1.0107419168292608e-07, -1.0107419168292608e-07, 0.0, 0.0, 0.0, 0.0, -1.0107419168292608e-07, 0.0, 0.0, -1.0107419168292608e-0
7, 0.0, 0.0, 0.0, 0.0, -1.0107419190497069e-07, -1.0107419168292608e-07, 0.0, 0.0, 0.0, 0.0, 0.0, 0.0, 0.0, -1.0107419168292608e-07, -1.0107419168292608e-07, -1.0107419168292608
e-07, 0.0, 0.0, 0.0, 0.0, -1.0107419168292608e-07, -1.0107419168292608e-07, -1.0107419190497069e-07, -1.0107419168292608e-07, -1.0107419168292608e-07, -1.0107419168292608e-07, -
1.0107419168292608e-07, -1.0107419168292608e-07, -2.220446049250313e-16, -1.0107419168292608e-07, 0.0, 0.0, -2.220446049250313e-16, -1.0107419168292608e-07, 0.0, -2.220446049250
313e-16, 0.0, 0.0, 0.0, 0.0, 0.0, -1.0107419168292608e-07, 0.0, 0.0, 0.0, 0.0, 0.0, 0.0, -1.0107419190497069e-07, -1.0107419168292608e-07, -1.0107419168292608e-07, -1.0107419168
292608e-07, 0.0, -2.220446049250313e-16, 0.0, 0.0, 0.0, 0.0, -1.0107419168292608e-07, 0.0, -2.220446049250313e-16, 1.0107419168292608e-07, 0.0, 0.0, 0.0, -1.0107419168292608e-07
, -1.0107419190497069e-07, -1.0107419168292608e-07, 0.0, 0.0, 0.0, 0.0, -2.220446049250313e-16, -1.0107419168292608e-07, -1.0107419146088148e-07, -1.0107419146088148e-07, 0.0, -
1.0107419168292608e-07, 0.0, 0.0, -2.220446049250313e-16, -1.0107419168292608e-07, -1.0107419168292608e-07, 0.0, 0.0, 0.0, -1.0107419168292608e-07, -2.220446049250313e-16, -2.22
0446049250313e-16, 0.0, -1.0107419168292608e-07, 0.0, 0.0, -2.220446049250313e-16, 0.0, 0.0, 0.0, -1.0107419190497069e-07, -2.220446049250313e-16, 0.0, 0.0, 0.0, -1.010741919049
7069e-07, 0.0, 0.0, -1.0107419168292608e-07, 0.0, 0.0, 0.0, 0.0, -1.0107419168292608e-07, 1.0107419168292608e-07, 1.0107419168292608e-07, -2.220446049250313e-16, 0.0, 0.0, 0.0, 
-1.0107419146088148e-07, -1.0107419146088148e-07, 0.0, 0.0, 0.0, 1.0107419146088148e-07, -1.0107419168292608e-07, -2.220446049250313e-16, 0.0, 0.0, -1.0107419168292608e-07, 0.0,
 0.0, 0.0, -1.0107419168292608e-07, 0.0, 0.0, 0.0, 0.0, 0.0, 0.0, 0.0, 0.0, -1.0107419168292608e-07, 0.0, 0.0, -2.220446049250313e-16, 0.0, 0.0, 0.0, -1.0107419168292608e-07, -1
.0107419168292608e-07, 0.0, 0.0, 0.0, 0.0, -2.220446049250313e-16, -2.220446049250313e-16, -2.220446049250313e-16, -1.0107419190497069e-07, 0.0, 0.0, 2.220446049250313e-16, 2.22
0446049250313e-16, 0.0, 0.0, 0.0, -1.0107419190497069e-07, 0.0, 0.0, -1.0107419168292608e-07, 0.0, 0.0, -1.0107419168292608e-07, -1.0107419168292608e-07, -1.0107419168292608e-07
, 0.0, -2.220446049250313e-16, 0.0, 0.0, 0.0, 0.0, -1.0107419168292608e-07, 0.0, 0.0, -2.220446049250313e-16, 0.0, -1.0107419168292608e-07, 0.0, 0.0, 0.0, 0.0, 0.0, 0.0, 0.0, -1
.0107419168292608e-07, -1.0107419168292608e-07, 0.0, 0.0, 0.0, -1.0107419190497069e-07, -1.0107419190497069e-07, 0.0, 2.220446049250313e-16, 2.220446049250313e-16, 1.01074191682
92608e-07, 1.0107419168292608e-07, -1.0107419168292608e-07, 0.0, 0.0, -2.220446049250313e-16, 0.0, 0.0, 1.0107419168292608e-07, 0.0, 0.0, 0.0, 0.0, 0.0, 0.0, 0.0, 0.0, 1.0107419
168292608e-07, -2.220446049250313e-16, -2.220446049250313e-16, 0.0, 0.0, 0.0, 0.0, 0.0, 1.0107419168292608e-07, 0.0, 0.0, -2.220446049250313e-16, 0.0, 0.0, 0.0, 0.0, 0.0, -2.220
446049250313e-16, -2.220446049250313e-16, 0.0, 0.0, 0.0, 1.0107419168292608e-07, 0.0, -2.220446049250313e-16, 0.0, 1.0107419168292608e-07, -2.220446049250313e-16, 0.0, 1.0107419
168292608e-07, 0.0, 0.0, 0.0, -2.220446049250313e-16, -2.220446049250313e-16, 1.0107419146088148e-07, 0.0, 0.0, 0.0, 0.0, 0.0, 0.0, 0.0, 1.0107419168292608e-07, 0.0, 1.010741916
8292608e-07, 0.0, 1.0107419168292608e-07, -2.220446049250313e-16, 0.0, 1.0107419168292608e-07, 0.0, 0.0, 0.0, 0.0, 0.0, -2.220446049250313e-16, 0.0, -2.220446049250313e-16, -2.2
20446049250313e-16, 2.220446049250313e-16, 2.220446049250313e-16, 0.0, 0.0, -2.220446049250313e-16, 0.0, 0.0, 1.0107419168292608e-07, 0.0, 0.0, -2.220446049250313e-16, -2.220446
049250313e-16, 1.0107419168292608e-07, -2.220446049250313e-16, 0.0, 0.0, 0.0, 0.0, 0.0, -2.220446049250313e-16, 0.0, 0.0, -1.0107419168292608e-07, 0.0, 0.0, 0.0, -2.220446049250
313e-16, -2.220446049250313e-16, 0.0, 0.0, -1.0107419168292608e-07, -1.0107419168292608e-07, 0.0, 0.0, 0.0, 0.0, 0.0, 1.0107419168292608e-07, 0.0, 0.0, 0.0, 0.0, -1.010741916829
2608e-07, -1.0107419168292608e-07, -1.0107419190497069e-07, 0.0, 0.0, 0.0, 0.0, -1.0107419168292608e-07, -1.0107419168292608e-07, 0.0, -1.0107419168292608e-07, 0.0, 0.0, 0.0, 0.
0, 0.0, 0.0, 0.0, -1.0107419168292608e-07, -2.220446049250313e-16, 0.0, 0.0, 0.0, -2.220446049250313e-16, -1.0107419168292608e-07, 0.0, 0.0, -2.220446049250313e-16, -2.220446049
250313e-16, 0.0, 0.0, 0.0, -1.0107419168292608e-07, 0.0, 0.0, 0.0, -1.0107419168292608e-07, -1.0107419168292608e-07, 0.0, -2.220446049250313e-16, -2.220446049250313e-16, 0.0, 0.
0, 0.0, -2.220446049250313e-16, -2.220446049250313e-16, 0.0, -2.220446049250313e-16, 0.0, 0.0, 0.0, 0.0, 0.0, 0.0, 0.0, -2.220446049250313e-16, 0.0, 0.0, 0.0, 0.0, -2.2204460492
50313e-16, -2.220446049250313e-16, -1.0107419168292608e-07, 0.0, 0.0, 0.0, 0.0, -1.0107419168292608e-07, -2.220446049250313e-16, -1.0107419168292608e-07, 0.0, 0.0, -1.0107419168
292608e-07, 0.0, 1.0107419168292608e-07, 1.0107419168292608e-07, -1.0107419168292608e-07, 0.0, 0.0, 0.0, 0.0, 0.0, 0.0, 0.0, 0.0, 0.0, 0.0, 0.0, 0.0, 0.0, 1.0107419168292608e-07
, 1.0107419168292608e-07, 0.0, 0.0, 0.0, 0.0, 0.0, 0.0, 0.0, 0.0, 0.0, 0.0, 0.0, 0.0, -1.0107419168292608e-07, 2.220446049250313e-16, 0.0, -2.220446049250313e-16, 0.0, 0.0, 0.0,
 -1.0107419168292608e-07, 0.0, 0.0, 0.0, -2.220446049250313e-16, 0.0, -2.220446049250313e-16, -1.0107419168292608e-07, -1.0107419168292608e-07, 0.0, 0.0, 0.0, 0.0, 0.0, -2.22044
6049250313e-16, -1.0107419168292608e-07, -1.0107419190497069e-07, 0.0, 0.0, 0.0, -2.220446049250313e-16, -2.220446049250313e-16, -2.220446049250313e-16, 0.0, -2.220446049250313e
-16, 0.0, 0.0, 0.0, 0.0, 0.0, 0.0, 0.0, 0.0, -1.0107419168292608e-07, 0.0, 0.0, 0.0, 0.0, -1.0107419168292608e-07, 0.0, -1.0107419168292608e-07, 0.0, 0.0, -1.0107419168292608e-0
7, 0.0, 0.0, 0.0, 0.0, -1.0107419168292608e-07, 0.0, 0.0, -1.0107419168292608e-07, 0.0, 0.0, 0.0, 0.0, -2.220446049250313e-16, -2.220446049250313e-16, 0.0, 0.0, -1.0107419168292
608e-07, 0.0, 0.0, 0.0, -1.0107419168292608e-07, -2.220446049250313e-16, -2.220446049250313e-16, -2.220446049250313e-16, 0.0, 0.0, 0.0, 0.0, 0.0, 0.0, 0.0, 0.0, 0.0, 0.0, 0.0, 0
.0, -2.220446049250313e-16, 0.0, 0.0, 0.0, 0.0, 0.0, 0.0, 0.0, -2.220446049250313e-16, 0.0, -2.220446049250313e-16, -2.220446049250313e-16, 0.0, 0.0, 0.0, -2.220446049250313e-16
, 0.0, 1.0107419168292608e-07, 0.0, 0.0, 1.0107419168292608e-07, 0.0, 0.0, -1.0107419168292608e-07, 0.0, 0.0, 0.0, 0.0, 0.0, 0.0, 0.0, 0.0, -2.220446049250313e-16, 1.01074191682
92608e-07, 0.0, 0.0, 0.0, 0.0, 0.0, -2.220446049250313e-16, 0.0, 0.0, 0.0, -1.0107419168292608e-07, -1.0107419146088148e-07, -2.220446049250313e-16, 0.0, 1.0107419168292608e-07,
 0.0, 0.0, 1.0107419168292608e-07, 0.0, 0.0, -1.0107419168292608e-07, 0.0, 0.0, 0.0, 0.0, 0.0, 0.0, 0.0, 0.0, -2.220446049250313e-16, 1.0107419168292608e-07, 0.0, 0.0, 0.0, 0.0,
 0.0, -2.220446049250313e-16, -2.220446049250313e-16, 0.0, 0.0, -1.0107419168292608e-07, -1.0107419146088148e-07, 0.0, 0.0, -1.0107419168292608e-07, -2.220446049250313e-16, 0.0,
 0.0, 0.0, 0.0, 0.0, 0.0, -1.0107419168292608e-07, 0.0, -1.0107419190497069e-07, 0.0, 0.0, 0.0, 0.0, -1.0107419190497069e-07, -1.0107419168292608e-07, 0.0, -1.0107419168292608e-
07, 0.0, 0.0, 0.0, -1.0107419168292608e-07, 0.0, 0.0, -1.0107419146088148e-07, -1.0107419146088148e-07, 0.0, 0.0, 0.0, 0.0, 0.0, 0.0, 0.0, 0.0, 0.0, 0.0, -2.220446049250313e-16,
 0.0, 0.0, 0.0, 0.0, 0.0, 0.0, 0.0, 0.0, -1.0107419168292608e-07, -2.220446049250313e-16, -2.220446049250313e-16, 0.0, 0.0, -1.0107419168292608e-07, 0.0, 2.220446049250313e-16, 
2.220446049250313e-16, 0.0, 0.0, 0.0, 0.0, 1.0107419168292608e-07, -2.220446049250313e-16, -1.0107419190497069e-07, 0.0, 0.0, 0.0, 0.0, 1.0107419146088148e-07, -2.22044604925031
3e-16, 0.0, 0.0, 0.0, 0.0, 0.0, 0.0, -2.220446049250313e-16, -2.220446049250313e-16, -2.220446049250313e-16, -1.0107419168292608e-07, 0.0, 0.0, -1.0107419168292608e-07, 0.0, -1.
0107419168292608e-07, 0.0, 0.0, 0.0, 0.0, -1.0107419168292608e-07, 0.0, 0.0, 0.0, -2.220446049250313e-16, 0.0, 1.0107419146088148e-07, -1.0107419168292608e-07, -1.01074191682926
08e-07, 0.0, 0.0, 0.0, 0.0, 0.0, 0.0, 0.0, -1.0107419190497069e-07, 0.0, 0.0, 0.0, 1.0107419168292608e-07, 0.0, -1.0107419168292608e-07, 0.0, -1.0107419168292608e-07, -1.0107419
168292608e-07, 0.0, 0.0, 0.0, 0.0, 0.0, 0.0, -1.0107419168292608e-07, -1.0107419190497069e-07, 0.0, 0.0, 0.0, 0.0, 0.0, 0.0, 0.0, 0.0, 0.0, 0.0, 2.220446049250313e-16, 2.2204460
49250313e-16, 0.0, 0.0, -1.0107419168292608e-07, -1.0107419168292608e-07, -2.220446049250313e-16, -1.0107419168292608e-07, 0.0, 0.0, 0.0, 0.0, -1.0107419168292608e-07, -1.010741
9168292608e-07, -1.0107419168292608e-07, 0.0, 0.0, 0.0, 0.0, 0.0, -2.220446049250313e-16, -2.220446049250313e-16, 0.0, 0.0, -1.0107419168292608e-07, 0.0, 0.0, 0.0, 0.0, 1.010741
9146088148e-07, 0.0, 0.0, 0.0, 0.0, 0.0, 0.0, -2.220446049250313e-16, 0.0, 0.0, 0.0, 0.0, 0.0, 0.0, -2.220446049250313e-16, -1.0107419190497069e-07, 0.0, 0.0, -1.010741916829260
8e-07, 0.0, -2.220446049250313e-16, -2.220446049250313e-16, -2.220446049250313e-16, 0.0, 0.0, 0.0, 0.0, 0.0, 0.0, 0.0, -2.220446049250313e-16, 0.0, 0.0, 0.0, 0.0, 0.0, -2.220446
049250313e-16, -2.220446049250313e-16, 0.0, 1.0107419168292608e-07, 0.0, 1.0107419168292608e-07, 0.0, -1.0107419168292608e-07, 0.0, -1.0107419168292608e-07, 0.0, -2.220446049250
313e-16, 0.0, -1.0107419168292608e-07, 0.0, 0.0, 0.0, -1.0107419190497069e-07, -1.0107419168292608e-07, 0.0, 0.0, 0.0, -1.0107419168292608e-07, -1.0107419190497069e-07, 0.0, -1.
0107419146088148e-07, 2.220446049250313e-16, 0.0, 0.0, -1.0107419168292608e-07, 0.0, -2.220446049250313e-16, 1.0107419168292608e-07, 0.0, 0.0, 0.0, -1.0107419168292608e-07, -1.0
107419190497069e-07, -1.0107419168292608e-07, 0.0, 0.0, 0.0, 0.0, -2.220446049250313e-16, -1.0107419168292608e-07, -1.0107419168292608e-07, -1.0107419146088148e-07, 0.0, 0.0, 0.
0, 0.0, 1.0107419168292608e-07, -2.220446049250313e-16, 0.0, 0.0, 0.0, 0.0, -1.0107419190497069e-07, 1.0107419168292608e-07, 1.0107419168292608e-07, 0.0, 0.0, 0.0, 0.0, 0.0, 0.0
, -1.0107419168292608e-07, 0.0, 1.0107419168292608e-07, 1.0107419168292608e-07, 0.0, -2.220446049250313e-16, 0.0, 0.0, -1.0107419190497069e-07, 0.0, 0.0, 0.0, 0.0, -1.0107419168
292608e-07, 0.0, 0.0, 0.0, 0.0, 0.0, 0.0, 0.0, -1.0107419168292608e-07, -1.0107419168292608e-07, 0.0, -2.220446049250313e-16, 0.0, 0.0, 0.0, 0.0, -1.0107419168292608e-07, -1.010
7419168292608e-07, -1.0107419190497069e-07, -2.220446049250313e-16, 0.0, 0.0, 0.0, 0.0, -2.220446049250313e-16, -2.220446049250313e-16, 0.0, 0.0, 0.0, 0.0, 0.0, 0.0, 0.0, 0.0, 0
.0, 0.0, 0.0, 0.0, 0.0, 0.0, 0.0, 1.0107419146088148e-07, 0.0, 0.0, 0.0, 0.0, 0.0, 0.0, -2.220446049250313e-16, -2.220446049250313e-16, 0.0, 2.220446049250313e-16, 2.22044604925
0313e-16, -2.220446049250313e-16, 1.0107419168292608e-07, 1.0107419168292608e-07, 0.0, 0.0, 0.0, 0.0, 0.0, -2.220446049250313e-16, 0.0, 0.0, 0.0, 0.0, 0.0, 0.0, 0.0, -1.01074191
68292608e-07, -1.0107419168292608e-07, 0.0, 0.0, 0.0, 0.0, 0.0, -1.0107419168292608e-07, -1.0107419168292608e-07, 0.0, 0.0, -2.220446049250313e-16, -1.0107419168292608e-07, -1.0
107419168292608e-07, 0.0, 0.0, 0.0, 0.0, 0.0, 0.0, -1.0107419168292608e-07, 2.220446049250313e-16, 2.220446049250313e-16, 0.0, -2.220446049250313e-16, 0.0, 0.0, 0.0, 0.0, 0.0, 0
.0, 0.0, -1.0107419168292608e-07, 2.220446049250313e-16, 0.0, 0.0, -2.220446049250313e-16, -2.220446049250313e-16, -1.0107419168292608e-07, -1.0107419190497069e-07, 0.0, 0.0, 2.
220446049250313e-16, 2.220446049250313e-16, 0.0, 0.0, 0.0, -1.0107419168292608e-07, -1.0107419168292608e-07, -1.0107419168292608e-07, 0.0, -1.0107419168292608e-07, 2.22044604925
0313e-16, 0.0, 0.0, -1.0107419190497069e-07, -1.0107419190497069e-07, 0.0, -1.0107419168292608e-07, -1.0107419168292608e-07, -1.0107419168292608e-07, 0.0, 0.0, 0.0, -2.220446049
250313e-16, -2.220446049250313e-16, 0.0, 0.0, 0.0, 0.0, -2.220446049250313e-16, -2.220446049250313e-16, 0.0, 0.0, 0.0, -2.220446049250313e-16, 0.0, 0.0, 0.0, 0.0, -2.22044604925
0313e-16, -1.0107419168292608e-07, 0.0, 0.0, 0.0, 0.0, 2.220446049250313e-16, 2.220446049250313e-16, 0.0]
tensor([0.2423, 0.1945, 0.2494, 0.0000, 0.6140, 0.6059, 0.6342, 0.6342, 0.6342,
        0.3614, 0.2057, 0.7921, 0.5643, 0.5934, 0.0000, 0.3795, 0.5257, 0.5237,
        0.5237, 0.1964, 0.1964, 0.7921, 0.9652, 0.9652, 0.6342, 0.5237, 0.8132,
        0.5237, 0.1945, 0.1945, 0.5257, 0.6437, 0.2494, 0.2494, 0.4827, 0.5981,
        0.3614, 0.2750, 1.0000, 0.2750, 0.2750, 0.2035, 0.7049, 0.9860, 0.0000,
        0.7049, 0.6342, 0.6335, 0.0000, 0.5286, 0.1237, 0.8254, 0.2068, 0.1964,
        0.8337, 0.5643, 0.5237, 0.5237, 0.9656, 0.9197, 0.8925, 0.2494, 0.2750,
        0.8725, 0.6335, 0.5981, 0.0758, 0.0758, 0.8337, 0.0000, 0.6342, 0.5257,
        0.8072, 0.2704, 0.3481, 0.2704, 0.1964, 0.1964, 0.0729, 0.9593, 0.5934,
        0.6321, 0.0000, 0.5981, 0.3239, 0.1091, 0.1964, 0.5643, 0.4271, 0.6342,
        0.1314, 0.1314, 0.9197, 0.6059, 0.6335, 0.0000, 0.2423, 0.1237, 0.9860],
       device='cuda:0', dtype=torch.float64, grad_fn=<DivBackward0>)
