[ 39.8689 116.0717]
1.8033516405516203e-07
1
6.215785190466527e-07
2
6.207659622123351e-07
3
1.5644224689786513e-07
4
1.1967370589513818e-10
5
6.047637643794013e-08
6
1.0211833332087784e-07
7
1.6523937168213968e-07
8
1.9468814136362625e-07
9
1.5754171234943527e-07
10
1.551451743379926e-07
11
1.38038139561392e-07
12
6.674017499075239e-08
13
6.048622514334169e-08
14
7.268162620198285e-08
15
2.865200860992451e-08
16
2.411400995896984e-08
17
1.1607065933882336e-08
18
2.7497805920825326e-09
19
1.775839254835633e-10
20
9.897273496909612e-09
21
1.498888563402712e-08
22
1.5153124241712793e-08
23
1.7908694508307708e-08
24
2.229587022038043e-08
25
2.46773110739785e-08
26
2.5906927167982166e-08
27
3.0202853523351395e-08
28
3.53854335876703e-08
29
1.7582533794852865e-08
30
1.5630942868662904e-08
31
1.3478252931277412e-08
32
3.329838684087505e-08
33
1.2173282014447256e-07
34
5.5372685796176505e-08
35
8.261353549258305e-08
36
7.993860909349428e-08
37
7.914261924464464e-08
38
7.767402932326063e-08
39
7.706668241075224e-08
40
7.447662435746717e-08
41
7.358579874394222e-08
42
7.270083510549363e-08
43
7.182397063172164e-08
44
7.061346495051447e-08
45
7.324261335064442e-08
46
8.19558068111681e-08
47
4.136451839061896e-08
48
4.7046780972956684e-08
49
1.4985184656427647e-07
50
6.599388980795852e-08
51
6.632650652278272e-08
52
5.957611279441355e-08
53
5.84250134114464e-08
54
5.7817334916303396e-08
55
3.3400007171677584e-08
56
3.2629388680783036e-08
57
3.639106881120216e-08
58
2.7236710482695173e-08
59
2.1891792224707288e-08
60
2.1177517781133335e-08
61
2.1664057423854965e-08
62
2.0924429498163453e-08
63
2.6723890483881275e-09
64
3.0892067381265743e-09
65
2.7806339783346436e-09
66
2.0363412885169435e-09
67
1.760781742632389e-09
68
1.6158059390480872e-08
69
7.111604188349274e-09
70
6.509526838188121e-09
71
2.9199936505742465e-09
72
2.2476992801723217e-09
73
1.1841470521148367e-09
74
1.5745084538465806e-10
75
8.582783463974286e-11
76
1.0602591585945342e-08
77
1.2697049219531978e-08
78
1.3446483596718517e-08
79
1.4678942333347378e-08
80
1.5128256710718324e-08
81
1.5144584469362152e-08
82
1.516023300147419e-08
83
1.7170656953625994e-08
84
2.0063857268366823e-08
85
2.1245337337527734e-08
86
2.2883338241875065e-08
87
2.5713988811989445e-08
88
6.006037360858788e-08
89
6.376421717073583e-08
90
5.600311113338136e-08
91
1.2548462250202988e-07
92
6.850042466935435e-08
93
5.544831947843637e-08
94
5.3948589965170744e-08
95
5.279097509483521e-08
96
5.115531723567934e-08
97
4.748686621708223e-08
98
7.784123509885308e-09
99
6.8948649933984335e-09
100
6.3781741455764575e-09
101
5.2560093259049895e-09
102
5.1561878491369374e-09
103
4.848123785240743e-09
104
4.4183390193589835e-09
105
3.926811018332369e-09
106
3.816420896809395e-09
107
4.99275698909174e-09
108
4.345653782623308e-09
109
3.9825374950966386e-09
110
3.493812723994686e-09
111
3.1372474256028543e-09
112
3.2218735340782713e-09
113
2.9046895359905595e-09
114
2.632793228438471e-09
115
2.3355915448734256e-09
116
2.1360002525408484e-09
117
1.93496418887662e-09
118
4.0856083620964025e-09
119
3.743018063952306e-09
120
3.709589671086009e-09
121
2.1292875537033077e-08
122
6.448169501821477e-09
123
5.906486620112228e-09
124
5.311656739665285e-09
125
5.039721310412526e-09
126
6.391383188539615e-09
127
6.317440487619078e-09
128
5.833634018773473e-09
129
5.358492035560745e-09
130
5.014958485158663e-09
131
3.444088934184686e-09
132
3.3522588420973644e-09
133
6.2476506802224e-10
134
5.590694904093231e-10
135
4.20729066223733e-10
136
3.4469321927993457e-10
137
2.8982828295534904e-10
138
2.674845770225809e-10
139
7.62337784066848e-09
140
1.551014043956779e-08
141
1.7272753865768022e-09
142
1.5981064024742954e-09
143
1.4880061337285179e-09
144
1.3886462780447056e-09
145
1.301977765237692e-09
146
1.224953463370513e-09
147
1.1693552430611792e-09
148
1.0350122980895549e-09
149
8.93251034391699e-10
150
8.382062626995958e-10
152
7.144496366588184e-10
154
2.878418762022883e-10
156
2.5796716591206317e-10
158
2.1477758460619611e-10
160
1.6334814626145847e-10
162
9.917899449840908e-11
164
1.0893790123450708e-10
166
8.343747914807409e-11
168
6.018527690110353e-11
170
4.894728548258259e-10
172
4.3223019830168977e-10
174
3.5175778354554557e-10
176
2.9094714918548314e-10
178
2.749770268797337e-10
180
2.500928112606632e-10
182
2.466948455953112e-10
184
1.644390882141189e-10
186
7.57782803520457e-11
188
1.5832266942773787e-10
190
1.6684231735975344e-10
192
1.3355382473762348e-10
194
9.848459553299729e-11
196
6.853014385349923e-11
198
6.099721075458753e-11
200
2.2361458388089894e-13
202
2.100675590508555e-12
204
2.318362515851824e-13
206
2.4714119639668297e-12
208
3.8266689062816696e-09
210
3.900679884129288e-09
212
3.761501864380044e-09
214
4.190629030039698e-09
216
4.079062797225034e-09
218
4.174938400417286e-09
220
4.193372638927953e-09
222
4.259245473892462e-09
224
4.778020531526553e-09
226
4.882748606696921e-09
228
4.8039992851800495e-09
230
4.887272555458098e-09
232
4.986408658430672e-09
234
5.107384737357279e-09
236
5.057422727188041e-09
238
5.3261581126951875e-09
240
5.099833212467934e-09
242
5.424310793068765e-09
244
5.438037833406517e-09
246
5.403068163017943e-09
248
5.500024186956554e-09
250
5.550143720479961e-09
252
5.6326669112347766e-09
254
5.7583002433686005e-09
256
5.873357933306681e-09
258
5.939529035487237e-09
260
6.254382404558348e-09
262
6.31403585687508e-09
264
6.4170215861945185e-09
266
6.4674786368415504e-09
268
7.077480868944788e-09
270
7.247054824787661e-09
272
7.38318305196781e-09
274
7.438623550676607e-09
276
4.066373427433559e-09
278
3.892569926599535e-09
280
3.920306501517881e-09
282
4.313450985282685e-09
284
4.350474567399454e-09
286
2.84521631602197e-09
288
2.9566951470169113e-09
290
3.0334781407712758e-09
292
3.137743007314373e-09
294
3.236294888542615e-09
296
3.28749045569671e-09
298
3.414746805631419e-09
300
3.492106411386118e-09
302
3.450267823399203e-09
304
3.585066736153889e-09
306
2.61314184895646e-09
308
2.6354221617508333e-09
310
5.984066446030646e-10
312
6.218470079686657e-10
314
7.280181772099242e-10
316
7.902436934535163e-10
318
8.215856198492966e-10
320
9.916711280269497e-10
322
1.0757494700260918e-09
324
1.1204660403164347e-09
326
1.3023138353850973e-09
328
1.335850510287076e-09
330
1.395735185630645e-09
332
1.5383614981379946e-09
334
1.575014224076965e-09
336
1.5959291397096842e-09
338
1.6504465001707797e-09
340
1.775722265030203e-09
342
1.9131902574773957e-09
344
1.9657289997143668e-09
346
2.069762460596772e-09
348
2.1232571174889005e-09
350
2.203456172947607e-09
352
2.210478369411243e-09
354
2.1846108101773037e-09
356
2.2321839689143363e-09
358
2.294478399812727e-09
360
2.3494748621123197e-09
362
2.394264526439996e-09
364
2.4301023229832998e-09
366
2.568345758291457e-09
368
2.618834123570366e-09
370
2.697483011753713e-09
372
2.822682786780221e-09
374
2.8898011076097796e-09
376
2.9380633351575036e-09
378
3.072200018309438e-09
380
3.3649155599477926e-09
382
3.423868676912748e-09
384
3.46897484831488e-09
386
3.514928323714809e-09
388
3.5540738321641376e-09
390
3.67608535024053e-09
392
3.776710867273939e-09
394
3.8167948801515195e-09
396
4.09835749587634e-09
398
4.168862810516316e-09
400
4.1621907797499e-09
402
1.9852877025162453e-09
404
2.029748439637269e-09
406
2.0864474349624462e-09
408
2.1291619251104926e-09
410
2.159414803275337e-09
412
2.0255966611069237e-09
414
2.105121827723766e-09
416
2.1190321687018093e-09
418
1.9356402071999713e-09
420
1.9847897752959566e-09
422
2.0118716434567446e-09
424
2.0369717379856156e-09
426
2.048905583011077e-09
428
2.0980345273591272e-09
430
5.312267639667745e-11
432
2.4086865369008642e-11
434
1.837732136605874e-11
436
1.3933354470196946e-11
438
6.8658466498977555e-12
440
4.0000609161788825e-12
442
2.099325975644245e-12
444
1.0600290176882021e-12
446
2.8502856542003685e-13
448
0.0
450
