7.425427436828613281e-03
7.440369576215744019e-03
7.454559206962585449e-03
7.441744208335876465e-03
1.143938302993774414e-02
1.272994279861450195e-02
1.159953325986862183e-02
1.159953325986862183e-02
1.159953325986862183e-02
7.389783859252929688e-03
7.349774241447448730e-03
1.264247298240661621e-02
1.037545874714851379e-02
1.173850893974304199e-02
7.441777735948562622e-03
1.025027781724929810e-02
1.067976281046867371e-02
1.034015044569969177e-02
1.034015044569969177e-02
7.440626621246337891e-03
7.440645247697830200e-03
1.264247298240661621e-02
1.204907521605491638e-02
1.261200383305549622e-02
1.159953325986862183e-02
1.139040291309356689e-02
1.181940361857414246e-02
1.139039546251296997e-02
7.440369576215744019e-03
7.440354675054550171e-03
1.067973673343658447e-02
9.145922958850860596e-03
7.454566657543182373e-03
7.454570382833480835e-03
1.187804341316223145e-02
1.277847588062286377e-02
7.389783859252929688e-03
7.443062961101531982e-03
1.292530447244644165e-02
7.443062961101531982e-03
7.443062961101531982e-03
7.476817816495895386e-03
1.243217289447784424e-02
9.432390332221984863e-03
7.441736757755279541e-03
1.243217289447784424e-02
1.159953325986862183e-02
1.251608505845069885e-02
7.441777735948562622e-03
9.090974926948547363e-03
7.443644106388092041e-03
1.195462793111801147e-02
7.771290838718414307e-03
7.440645247697830200e-03
1.251275837421417236e-02
1.173735409975051880e-02
1.034015044569969177e-02
1.139041036367416382e-02
1.261949166655540466e-02
1.278194040060043335e-02
1.260333135724067688e-02
7.454559206962585449e-03
7.443070411682128906e-03
1.284439489245414734e-02
1.251606643199920654e-02
1.277846843004226685e-02
7.442310452461242676e-03
7.442310452461242676e-03
1.251275837421417236e-02
7.441744208335876465e-03
1.159953325986862183e-02
1.067973300814628601e-02
7.787644863128662109e-03
1.062395423650741577e-02
9.398382157087326050e-03
1.062395796179771423e-02
7.440634071826934814e-03
7.440645247697830200e-03
7.804028689861297607e-03
1.254349201917648315e-02
1.173850893974304199e-02
1.165657117962837219e-02
7.441744208335876465e-03
1.277851313352584839e-02
7.695198059082031250e-03
7.377974689006805420e-03
7.440645247697830200e-03
1.173735409975051880e-02
7.439326494932174683e-03
1.159953325986862183e-02
7.442273199558258057e-03
7.442273199558258057e-03
1.278194040060043335e-02
1.272994279861450195e-02
1.251606643199920654e-02
7.441744208335876465e-03
7.425427436828613281e-03
7.443651556968688965e-03
9.432390332221984863e-03
