1.520998775959014893e-04
-1.702960580587387085e-03
-1.672202721238136292e-03
-7.612295448780059814e-04
-1.083660870790481567e-03
5.801022052764892578e-05
-1.400060951709747314e-03
-1.400060951709747314e-03
-1.400060951709747314e-03
-1.472685486078262329e-03
-1.417513936758041382e-03
-1.430533826351165771e-03
-1.415016129612922668e-03
-1.949518918991088867e-04
-7.612295448780059814e-04
-1.656677573919296265e-03
-1.602465286850929260e-03
-7.744655013084411621e-04
-7.744655013084411621e-04
-1.068923622369766235e-03
-1.068931072950363159e-03
-1.430533826351165771e-03
1.503892242908477783e-03
-1.924261450767517090e-04
-1.400060951709747314e-03
-8.389726281166076660e-04
-1.960732042789459229e-03
-8.389800786972045898e-04
-1.702960580587387085e-03
-1.702962443232536316e-03
-1.602467149496078491e-03
-7.459335029125213623e-04
-1.672206446528434753e-03
-1.672204583883285522e-03
-7.877461612224578857e-04
6.326362490653991699e-04
-1.472685486078262329e-03
-1.113805919885635376e-03
1.325931400060653687e-03
-1.113805919885635376e-03
-1.113805919885635376e-03
6.742700934410095215e-04
2.875924110412597656e-06
-1.822337508201599121e-04
-7.612183690071105957e-04
2.875924110412597656e-06
-1.400060951709747314e-03
1.007016748189926147e-03
-7.612295448780059814e-04
-9.449683129787445068e-04
3.257021307945251465e-05
-2.132542431354522705e-04
-1.370422542095184326e-04
-1.068931072950363159e-03
1.255944371223449707e-04
1.177377998828887939e-03
-7.744655013084411621e-04
-8.389800786972045898e-04
1.453455537557601929e-03
9.469240903854370117e-04
4.177279770374298096e-04
-1.672202721238136292e-03
-1.113798469305038452e-03
1.123186200857162476e-03
1.007024198770523071e-03
6.326362490653991699e-04
-1.459181308746337891e-03
-1.459181308746337891e-03
1.255944371223449707e-04
-7.612295448780059814e-04
-1.400060951709747314e-03
-1.602470874786376953e-03
-7.783770561218261719e-04
9.610429406166076660e-04
2.189613878726959229e-04
9.610466659069061279e-04
-1.068923622369766235e-03
-1.068931072950363159e-03
-5.792453885078430176e-05
3.618896007537841797e-04
-1.949407160282135010e-04
5.178898572921752930e-04
-7.612295448780059814e-04
6.326362490653991699e-04
-1.904293894767761230e-04
7.581673562526702881e-04
-1.068931072950363159e-03
1.177377998828887939e-03
7.911920547485351562e-04
-1.400060951709747314e-03
1.005556434392929077e-03
1.005556434392929077e-03
9.469240903854370117e-04
5.801022052764892578e-05
1.007024198770523071e-03
-7.612295448780059814e-04
1.520998775959014893e-04
3.257393836975097656e-05
-1.822337508201599121e-04
