3.316002786159515381e-01
3.317012786865234375e-01
3.316274881362915039e-01
3.316875994205474854e-01
3.322415053844451904e-01
3.324113786220550537e-01
3.324760198593139648e-01
3.324760198593139648e-01
3.324760198593139648e-01
3.316883444786071777e-01
3.316743075847625732e-01
3.323799371719360352e-01
3.323341310024261475e-01
3.323885798454284668e-01
3.316875994205474854e-01
3.323727548122406006e-01
3.323449790477752686e-01
3.322155177593231201e-01
3.322155177593231201e-01
3.316874504089355469e-01
3.316874504089355469e-01
3.323799371719360352e-01
3.322574198246002197e-01
3.325729072093963623e-01
3.324760198593139648e-01
3.321748971939086914e-01
3.325262367725372314e-01
3.321748971939086914e-01
3.317012786865234375e-01
3.317012786865234375e-01
3.323449790477752686e-01
3.317674398422241211e-01
3.316274881362915039e-01
3.316274881362915039e-01
3.325176239013671875e-01
3.324116766452789307e-01
3.316883444786071777e-01
3.316195607185363770e-01
3.323982656002044678e-01
3.316195607185363770e-01
3.316195607185363770e-01
3.318989872932434082e-01
3.324071168899536133e-01
3.317744135856628418e-01
3.316875994205474854e-01
3.324071168899536133e-01
3.324760198593139648e-01
3.323750197887420654e-01
3.316875994205474854e-01
3.323998153209686279e-01
3.316872715950012207e-01
3.325873017311096191e-01
3.319047093391418457e-01
3.316874504089355469e-01
3.323655426502227783e-01
3.322952985763549805e-01
3.322155177593231201e-01
3.321748971939086914e-01
3.324732184410095215e-01
3.326741456985473633e-01
3.324933648109436035e-01
3.316274881362915039e-01
3.316195607185363770e-01
3.324237763881683350e-01
3.323750197887420654e-01
3.324116766452789307e-01
3.316873610019683838e-01
3.316873610019683838e-01
3.323655426502227783e-01
3.316875994205474854e-01
3.324760198593139648e-01
3.323449790477752686e-01
3.318698704242706299e-01
3.319976031780242920e-01
3.314807116985321045e-01
3.319976031780242920e-01
3.316874504089355469e-01
3.316874504089355469e-01
3.317192792892456055e-01
3.324590027332305908e-01
3.323885798454284668e-01
3.324860334396362305e-01
3.316875994205474854e-01
3.324116766452789307e-01
3.317142128944396973e-01
3.318786621093750000e-01
3.316874504089355469e-01
3.322952985763549805e-01
3.319005370140075684e-01
3.324760198593139648e-01
3.316537737846374512e-01
3.316537737846374512e-01
3.326741456985473633e-01
3.324113786220550537e-01
3.323750197887420654e-01
3.316875994205474854e-01
3.316002786159515381e-01
3.316872715950012207e-01
3.317744135856628418e-01
