2.000272274017333984e-03
1.905336976051330566e-03
1.913841813802719116e-03
1.918345689773559570e-03
3.905940800905227661e-03
5.459651350975036621e-03
4.081677645444869995e-03
4.081677645444869995e-03
4.081677645444869995e-03
1.909866929054260254e-03
1.916795969009399414e-03
4.109326750040054321e-03
3.533940762281417847e-03
4.928991198539733887e-03
1.918334513902664185e-03
1.914110034704208374e-03
2.424985170364379883e-03
3.123365342617034912e-03
3.123365342617034912e-03
1.900322735309600830e-03
1.900333911180496216e-03
4.109326750040054321e-03
5.025409162044525146e-03
5.387328565120697021e-03
4.081677645444869995e-03
4.245556890964508057e-03
3.067415207624435425e-03
4.245571792125701904e-03
1.905336976051330566e-03
1.905329525470733643e-03
2.424959093332290649e-03
3.195594996213912964e-03
1.913823187351226807e-03
1.913830637931823730e-03
4.031967371702194214e-03
5.421467125415802002e-03
1.909866929054260254e-03
1.919001340866088867e-03
5.718167871236801147e-03
1.919001340866088867e-03
1.919001340866088867e-03
2.441409975290298462e-03
5.481593310832977295e-03
3.832597285509109497e-03
1.918327063322067261e-03
5.481593310832977295e-03
4.081677645444869995e-03
5.643609911203384399e-03
1.918334513902664185e-03
3.196083009243011475e-03
1.914672553539276123e-03
4.851236939430236816e-03
2.556998282670974731e-03
1.900333911180496216e-03
5.432583391666412354e-03
5.455356091260910034e-03
3.123365342617034912e-03
4.245571792125701904e-03
5.713768303394317627e-03
5.660608410835266113e-03
5.597900599241256714e-03
1.913841813802719116e-03
1.918982714414596558e-03
5.651168525218963623e-03
5.643602460622787476e-03
5.421478301286697388e-03
1.839939504861831665e-03
1.839939504861831665e-03
5.432583391666412354e-03
1.918345689773559570e-03
4.081677645444869995e-03
2.424966543912887573e-03
2.246629446744918823e-03
5.346775054931640625e-03
3.901727497577667236e-03
5.346752703189849854e-03
1.900315284729003906e-03
1.900333911180496216e-03
2.667468041181564331e-03
5.585543811321258545e-03
4.928983747959136963e-03
5.049381405115127563e-03
1.918345689773559570e-03
5.421463400125503540e-03
2.536397427320480347e-03
2.346403896808624268e-03
1.900333911180496216e-03
5.455356091260910034e-03
2.524960786104202271e-03
4.081677645444869995e-03
5.050953477621078491e-03
5.050953477621078491e-03
5.660608410835266113e-03
5.459651350975036621e-03
5.643602460622787476e-03
1.918345689773559570e-03
2.000272274017333984e-03
1.914683729410171509e-03
3.832597285509109497e-03
