4.402052611112594604e-03
4.346352070569992065e-03
5.379933863878250122e-03
4.346951842308044434e-03
7.719609886407852173e-03
9.188506752252578735e-03
8.308656513690948486e-03
8.308656513690948486e-03
8.308656513690948486e-03
4.296164959669113159e-03
4.380919039249420166e-03
9.431730955839157104e-03
6.993364542722702026e-03
8.473087102174758911e-03
4.346944391727447510e-03
7.602985948324203491e-03
7.126774638891220093e-03
6.956446915864944458e-03
6.956446915864944458e-03
4.347201436758041382e-03
4.347193986177444458e-03
9.431730955839157104e-03
9.172189980745315552e-03
9.260307997465133667e-03
8.308656513690948486e-03
8.226301521062850952e-03
8.180666714906692505e-03
8.226294070482254028e-03
4.346352070569992065e-03
4.346363246440887451e-03
7.126778364181518555e-03
5.464121699333190918e-03
5.379948765039443970e-03
5.379941314458847046e-03
6.649199873208999634e-03
9.336039423942565918e-03
4.296164959669113159e-03
5.721505731344223022e-03
1.018232479691505432e-02
5.721505731344223022e-03
5.721505731344223022e-03
4.315439611673355103e-03
9.352628141641616821e-03
5.905400961637496948e-03
4.346951842308044434e-03
9.352628141641616821e-03
8.308656513690948486e-03
8.511412888765335083e-03
4.346944391727447510e-03
5.252655595541000366e-03
4.346199333667755127e-03
8.416745811700820923e-03
5.485910922288894653e-03
4.347193986177444458e-03
8.776947855949401855e-03
7.477771490812301636e-03
6.956446915864944458e-03
8.226301521062850952e-03
9.356055408716201782e-03
9.444236755371093750e-03
9.432416409254074097e-03
5.379933863878250122e-03
5.721502006053924561e-03
9.414490312337875366e-03
8.511431515216827393e-03
9.336054325103759766e-03
4.346456378698348999e-03
4.346456378698348999e-03
8.776947855949401855e-03
4.346951842308044434e-03
8.308656513690948486e-03
7.126774638891220093e-03
4.511762410402297974e-03
8.144002407789230347e-03
6.624925881624221802e-03
8.143994957208633423e-03
4.347179085016250610e-03
4.347193986177444458e-03
5.615115165710449219e-03
9.429838508367538452e-03
8.473083376884460449e-03
7.414516061544418335e-03
4.346951842308044434e-03
9.336043149232864380e-03
4.733458161354064941e-03
4.346542060375213623e-03
4.347193986177444458e-03
7.477771490812301636e-03
4.305731505155563354e-03
8.308656513690948486e-03
4.901442676782608032e-03
4.901442676782608032e-03
9.444236755371093750e-03
9.188506752252578735e-03
8.511431515216827393e-03
4.346951842308044434e-03
4.402052611112594604e-03
4.346217960119247437e-03
5.905400961637496948e-03
