3.315836787223815918e-01
3.316761851310729980e-01
3.316563963890075684e-01
3.316647410392761230e-01
3.322209119796752930e-01
3.323982059955596924e-01
3.324734568595886230e-01
3.324734568595886230e-01
3.324734568595886230e-01
3.316644430160522461e-01
3.316470384597778320e-01
3.323792815208435059e-01
3.322694301605224609e-01
3.323756754398345947e-01
3.316647410392761230e-01
3.323172628879547119e-01
3.323460221290588379e-01
3.321438133716583252e-01
3.321438133716583252e-01
3.316570222377777100e-01
3.316570222377777100e-01
3.323792815208435059e-01
3.322690725326538086e-01
3.325665891170501709e-01
3.324734568595886230e-01
3.320949673652648926e-01
3.325043022632598877e-01
3.320949673652648926e-01
3.316761851310729980e-01
3.316761851310729980e-01
3.323460221290588379e-01
3.317822515964508057e-01
3.316563963890075684e-01
3.316563963890075684e-01
3.324691355228424072e-01
3.324037790298461914e-01
3.316644430160522461e-01
3.316475450992584229e-01
3.323970139026641846e-01
3.316475450992584229e-01
3.316475450992584229e-01
3.318305611610412598e-01
3.324244916439056396e-01
3.317928314208984375e-01
3.316647410392761230e-01
3.324244916439056396e-01
3.324734568595886230e-01
3.323934972286224365e-01
3.316647410392761230e-01
3.323817253112792969e-01
3.316551446914672852e-01
3.325366973876953125e-01
3.318547904491424561e-01
3.316570222377777100e-01
3.323312699794769287e-01
3.323075771331787109e-01
3.321438133716583252e-01
3.320949673652648926e-01
3.324676752090454102e-01
3.326259851455688477e-01
3.325034379959106445e-01
3.316563963890075684e-01
3.316475450992584229e-01
3.324254155158996582e-01
3.323934972286224365e-01
3.324037790298461914e-01
3.316486179828643799e-01
3.316486179828643799e-01
3.323312699794769287e-01
3.316647410392761230e-01
3.324734568595886230e-01
3.323460221290588379e-01
3.318583965301513672e-01
3.319272696971893311e-01
3.314408063888549805e-01
3.319272696971893311e-01
3.316570222377777100e-01
3.316570222377777100e-01
3.317006230354309082e-01
3.324760198593139648e-01
3.323756754398345947e-01
3.324785232543945312e-01
3.316647410392761230e-01
3.324037790298461914e-01
3.316902220249176025e-01
3.318107128143310547e-01
3.316570222377777100e-01
3.323075771331787109e-01
3.318312764167785645e-01
3.324734568595886230e-01
3.316487073898315430e-01
3.316487073898315430e-01
3.326259851455688477e-01
3.323982059955596924e-01
3.323934972286224365e-01
3.316647410392761230e-01
3.315836787223815918e-01
3.316551446914672852e-01
3.317928314208984375e-01
