9.997457265853881836e-03
1.000135391950607300e-02
1.024377346038818359e-02
9.989991784095764160e-03
2.533258870244026184e-02
2.556295692920684814e-02
2.473250776529312134e-02
2.543215081095695496e-02
2.547097578644752502e-02
1.334304362535476685e-02
9.982913732528686523e-03
2.630514651536941528e-02
1.801557093858718872e-02
2.527161315083503723e-02
9.996369481086730957e-03
1.606971397995948792e-02
1.696180924773216248e-02
2.387597784399986267e-02
2.324248477816581726e-02
1.002043858170509338e-02
1.000805944204330444e-02
2.573242411017417908e-02
2.572397515177726746e-02
2.561926469206809998e-02
2.452110871672630310e-02
2.522704005241394043e-02
2.441416308283805847e-02
2.548928931355476379e-02
9.727545082569122314e-03
1.013705506920814514e-02
1.948333159089088440e-02
2.427913621068000793e-02
1.000382751226425171e-02
1.001659035682678223e-02
2.432010695338249207e-02
2.541590854525566101e-02
1.087831333279609680e-02
9.989514946937561035e-03
2.546847984194755554e-02
1.001327112317085266e-02
1.001327112317085266e-02
1.040617749094963074e-02
2.546548470854759216e-02
1.842189580202102661e-02
1.044330745935440063e-02
2.546212822198867798e-02
2.549019455909729004e-02
2.545594424009323120e-02
9.997218847274780273e-03
1.494629681110382080e-02
1.000775024294853210e-02
2.549158409237861633e-02
9.990498423576354980e-03
1.000910997390747070e-02
2.650244906544685364e-02
2.081080153584480286e-02
2.149106562137603760e-02
2.531840279698371887e-02
2.570769563317298889e-02
2.573560550808906555e-02
2.560979872941970825e-02
1.000204309821128845e-02
1.380624994635581970e-02
2.555974572896957397e-02
2.545593306422233582e-02
2.555494382977485657e-02
9.994905441999435425e-03
9.543132036924362183e-03
2.538395300507545471e-02
9.989991784095764160e-03
2.549019455909729004e-02
2.094893530011177063e-02
2.555903047323226929e-02
1.000098884105682373e-02
1.002474874258041382e-02
1.022177562117576599e-02
1.001727208495140076e-02
1.000657677650451660e-02
1.429669931530952454e-02
2.555908262729644775e-02
2.546072006225585938e-02
2.337483316659927368e-02
1.000608503818511963e-02
2.490194141864776611e-02
1.420943439006805420e-02
9.890142828226089478e-03
1.000637188553810120e-02
2.442419901490211487e-02
1.588777080178260803e-02
2.543215081095695496e-02
9.990792721509933472e-03
9.983707219362258911e-03
2.549702674150466919e-02
2.570483088493347168e-02
2.545593306422233582e-02
9.989991784095764160e-03
1.000028103590011597e-02
1.000823453068733215e-02
1.847815886139869690e-02
