3.079518675804138184e-03
3.008376806974411011e-03
3.301732242107391357e-03
3.008294850587844849e-03
5.658745765686035156e-03
7.966883480548858643e-03
7.068835198879241943e-03
7.068835198879241943e-03
7.068835198879241943e-03
2.986405044794082642e-03
3.010865300893783569e-03
7.079057395458221436e-03
6.013989448547363281e-03
7.331471890211105347e-03
3.008291125297546387e-03
5.219843238592147827e-03
4.957158118486404419e-03
5.565036088228225708e-03
5.565036088228225708e-03
3.008540719747543335e-03
3.008522093296051025e-03
7.079057395458221436e-03
7.622938603162765503e-03
7.966630160808563232e-03
7.068835198879241943e-03
7.005184888839721680e-03
5.798354744911193848e-03
7.005192339420318604e-03
3.008376806974411011e-03
3.008391708135604858e-03
4.957158118486404419e-03
3.813982009887695312e-03
3.301735967397689819e-03
3.301709890365600586e-03
5.903467535972595215e-03
7.964424788951873779e-03
2.986405044794082642e-03
3.957852721214294434e-03
8.441686630249023438e-03
3.957852721214294434e-03
3.957852721214294434e-03
3.050360828638076782e-03
7.963314652442932129e-03
4.355181008577346802e-03
3.008302301168441772e-03
7.963314652442932129e-03
7.068835198879241943e-03
7.977813482284545898e-03
3.008291125297546387e-03
4.104804247617721558e-03
3.008212894201278687e-03
6.844684481620788574e-03
3.801461309194564819e-03
3.008522093296051025e-03
7.337834686040878296e-03
7.335446774959564209e-03
5.565036088228225708e-03
7.005184888839721680e-03
7.994152605533599854e-03
7.988922297954559326e-03
7.961388677358627319e-03
3.301732242107391357e-03
3.957852721214294434e-03
7.964644581079483032e-03
7.977802306413650513e-03
7.964439690113067627e-03
2.991657704114913940e-03
2.991657704114913940e-03
7.337834686040878296e-03
3.008294850587844849e-03
7.068835198879241943e-03
4.957150667905807495e-03
3.163330256938934326e-03
7.588312029838562012e-03
5.737118422985076904e-03
7.588297128677368164e-03
3.008522093296051025e-03
3.008522093296051025e-03
4.524420946836471558e-03
8.052658289670944214e-03
7.331464439630508423e-03
7.086537778377532959e-03
3.008294850587844849e-03
7.964424788951873779e-03
3.501672297716140747e-03
3.008365631103515625e-03
3.008522093296051025e-03
7.335446774959564209e-03
3.061842173337936401e-03
7.068835198879241943e-03
5.378454923629760742e-03
5.378454923629760742e-03
7.988922297954559326e-03
7.966883480548858643e-03
7.977802306413650513e-03
3.008294850587844849e-03
3.079518675804138184e-03
3.008209168910980225e-03
4.355181008577346802e-03
