4.371815621852874756e-01
4.348571300506591797e-01
4.318854212760925293e-01
4.301385283470153809e-01
4.340315461158752441e-01
4.380927085876464844e-01
4.384722709655761719e-01
4.384722709655761719e-01
4.384722709655761719e-01
4.421875476837158203e-01
4.420897662639617920e-01
4.437971711158752441e-01
4.376405477523803711e-01
4.435930550098419189e-01
4.301385283470153809e-01
4.429504871368408203e-01
4.439967274665832520e-01
4.353703260421752930e-01
4.353703260421752930e-01
4.330325722694396973e-01
4.330326020717620850e-01
4.437971711158752441e-01
4.419575929641723633e-01
4.432721436023712158e-01
4.384722709655761719e-01
4.373349249362945557e-01
4.445483684539794922e-01
4.373349547386169434e-01
4.348571300506591797e-01
4.348571300506591797e-01
4.439967274665832520e-01
4.319506287574768066e-01
4.318854212760925293e-01
4.318853914737701416e-01
4.352024495601654053e-01
4.393018186092376709e-01
4.421875476837158203e-01
4.324238300323486328e-01
4.419564604759216309e-01
4.324238300323486328e-01
4.324238300323486328e-01
4.457213878631591797e-01
4.430770874023437500e-01
4.323007464408874512e-01
4.301385283470153809e-01
4.430770874023437500e-01
4.384722709655761719e-01
4.420853853225708008e-01
4.301385283470153809e-01
4.380095005035400391e-01
4.373058080673217773e-01
4.378284811973571777e-01
4.437680244445800781e-01
4.330326020717620850e-01
4.359572231769561768e-01
4.416041970252990723e-01
4.353703260421752930e-01
4.373348951339721680e-01
4.404341280460357666e-01
4.392046332359313965e-01
4.424967765808105469e-01
4.318854212760925293e-01
4.324237704277038574e-01
4.423639774322509766e-01
4.420853853225708008e-01
4.393018186092376709e-01
4.421555697917938232e-01
4.421555697917938232e-01
4.359572231769561768e-01
4.301385283470153809e-01
4.384722709655761719e-01
4.439966976642608643e-01
4.321411848068237305e-01
4.359451234340667725e-01
4.313419461250305176e-01
4.359450936317443848e-01
4.330326318740844727e-01
4.330326020717620850e-01
4.412059485912322998e-01
4.429168105125427246e-01
4.435930252075195312e-01
4.425050914287567139e-01
4.301385283470153809e-01
4.393018484115600586e-01
4.305115640163421631e-01
4.456053972244262695e-01
4.330326020717620850e-01
4.416041970252990723e-01
4.456294178962707520e-01
4.384722709655761719e-01
4.372701048851013184e-01
4.372701048851013184e-01
4.392046332359313965e-01
4.380927085876464844e-01
4.420853853225708008e-01
4.301385283470153809e-01
4.371815621852874756e-01
4.373058080673217773e-01
4.323007464408874512e-01
