5.942955613136291504e-04
6.473772227764129639e-04
3.833480179309844971e-03
3.185030072927474976e-03
4.935305565595626831e-03
5.669813603162765503e-03
2.450298517942428589e-03
2.450298517942428589e-03
2.450298517942428589e-03
-1.044981181621551514e-03
-1.029543578624725342e-03
4.798620939254760742e-03
2.527844160795211792e-03
2.363186329603195190e-03
3.185026347637176514e-03
1.797568053007125854e-03
2.715475857257843018e-03
3.610081970691680908e-03
3.610081970691680908e-03
8.090101182460784912e-04
8.090138435363769531e-04
4.798620939254760742e-03
7.429223507642745972e-03
5.046982318162918091e-03
2.450298517942428589e-03
3.480363637208938599e-03
3.108371049165725708e-03
3.480337560176849365e-03
6.473772227764129639e-04
6.474070250988006592e-04
2.715490758419036865e-03
3.754071891307830811e-03
3.833506256341934204e-03
3.833506256341934204e-03
4.432894289493560791e-03
7.354762405157089233e-03
-1.044981181621551514e-03
4.569768905639648438e-03
7.962968200445175171e-03
4.569768905639648438e-03
4.569768905639648438e-03
-2.738030627369880676e-03
4.529770463705062866e-03
4.063423722982406616e-03
3.185022622346878052e-03
4.529770463705062866e-03
2.450298517942428589e-03
2.267722040414810181e-03
3.185026347637176514e-03
9.181350469589233398e-04
3.598630428314208984e-04
3.983225673437118530e-03
8.628033101558685303e-04
8.090138435363769531e-04
6.265647709369659424e-03
2.197742462158203125e-03
3.610081970691680908e-03
3.480352461338043213e-03
6.632950156927108765e-03
5.615871399641036987e-03
4.861265420913696289e-03
3.833480179309844971e-03
4.569776356220245361e-03
5.197554826736450195e-03
2.267733216285705566e-03
7.354728877544403076e-03
-1.308035105466842651e-03
-1.308035105466842651e-03
6.265647709369659424e-03
3.185030072927474976e-03
2.450298517942428589e-03
2.715487033128738403e-03
2.888724207878112793e-03
4.190582782030105591e-03
1.475971192121505737e-03
4.190534353256225586e-03
8.090361952781677246e-04
8.090138435363769531e-04
1.222223043441772461e-03
4.828501492738723755e-03
2.363204956054687500e-03
1.217350363731384277e-03
3.185030072927474976e-03
7.354743778705596924e-03
3.456264734268188477e-03
-2.650927752256393433e-03
8.090138435363769531e-04
2.197742462158203125e-03
-2.629302442073822021e-03
2.450298517942428589e-03
2.876665443181991577e-03
2.876665443181991577e-03
5.615871399641036987e-03
5.669813603162765503e-03
2.267733216285705566e-03
3.185030072927474976e-03
5.942955613136291504e-04
3.598555922508239746e-04
4.063423722982406616e-03
