9.540505707263946533e-04
2.660740166902542114e-03
-7.148418575525283813e-03
-5.861852318048477173e-03
7.425915449857711792e-03
1.685030385851860046e-02
1.159032061696052551e-02
1.906636729836463928e-02
2.528233453631401062e-02
7.683333009481430054e-03
1.543372869491577148e-03
1.000629737973213196e-02
1.770112663507461548e-03
1.114042475819587708e-02
-5.508149042725563049e-03
1.935705542564392090e-03
5.775723606348037720e-03
5.312923341989517212e-03
6.976675242185592651e-03
-5.569128319621086121e-03
-3.989817574620246887e-03
9.646672755479812622e-03
1.670499518513679504e-02
1.298115029931068420e-02
1.203582435846328735e-02
1.081142202019691467e-02
5.146171897649765015e-03
1.315261796116828918e-02
3.756381571292877197e-03
4.091985523700714111e-03
5.481351166963577271e-03
1.144098117947578430e-02
4.816129803657531738e-04
-8.308505639433860779e-03
4.333984106779098511e-03
2.198046818375587463e-02
2.778075635433197021e-03
-1.032294891774654388e-02
1.179152354598045349e-02
-1.310840621590614319e-02
-1.310840621590614319e-02
4.297371953725814819e-03
9.692851454019546509e-03
-1.038577221333980560e-02
-8.276427164673805237e-03
1.501845568418502808e-02
1.814511790871620178e-02
1.204520091414451599e-02
-5.242757499217987061e-03
6.176523864269256592e-03
-3.604328259825706482e-03
2.866573631763458252e-03
7.860027253627777100e-04
3.026869148015975952e-03
1.283778622746467590e-02
4.166088998317718506e-03
2.495486289262771606e-03
9.995181113481521606e-03
6.782945245504379272e-03
5.641996860504150391e-03
1.186561211943626404e-02
-7.007231935858726501e-03
-1.750456169247627258e-03
3.450245037674903870e-02
1.204519718885421753e-02
1.269589737057685852e-02
-2.249872311949729919e-03
-1.930361613631248474e-03
8.264385163784027100e-03
-5.861852318048477173e-03
1.814511790871620178e-02
5.408816039562225342e-03
-6.111413240432739258e-04
9.612780064344406128e-03
1.077371090650558472e-02
9.507745504379272461e-03
5.238525569438934326e-03
9.628497064113616943e-04
5.262110382318496704e-03
2.679967507719993591e-02
1.729345694184303284e-02
5.195345729589462280e-03
-4.597717896103858948e-03
1.625105366110801697e-02
-4.986174404621124268e-03
-4.922784864902496338e-04
6.050966680049896240e-03
5.073796957731246948e-03
1.094704866409301758e-02
1.906636729836463928e-02
2.812620624899864197e-02
3.920705989003181458e-02
-5.073472857475280762e-05
1.024777814745903015e-02
1.204519718885421753e-02
-5.861852318048477173e-03
7.101815193891525269e-03
1.914452761411666870e-03
-8.527344092726707458e-03
