3.308848440647125244e-01
3.311366438865661621e-01
3.315661251544952393e-01
3.323234319686889648e-01
3.320967555046081543e-01
3.321255147457122803e-01
3.323714435100555420e-01
3.323714435100555420e-01
3.323714435100555420e-01
3.329285383224487305e-01
3.329083919525146484e-01
3.327156603336334229e-01
3.320929110050201416e-01
3.320058286190032959e-01
3.323234021663665771e-01
3.330741524696350098e-01
3.330032527446746826e-01
3.314726948738098145e-01
3.314726948738098145e-01
3.309171199798583984e-01
3.309171199798583984e-01
3.327156603336334229e-01
3.322235643863677979e-01
3.322566151618957520e-01
3.323714435100555420e-01
3.317974507808685303e-01
3.330079019069671631e-01
3.317974209785461426e-01
3.311366438865661621e-01
3.311366438865661621e-01
3.330032527446746826e-01
3.322694599628448486e-01
3.315661251544952393e-01
3.315661251544952393e-01
3.322439491748809814e-01
3.322727084159851074e-01
3.329285383224487305e-01
3.309300243854522705e-01
3.322435915470123291e-01
3.309300243854522705e-01
3.309300243854522705e-01
3.326591253280639648e-01
3.317130804061889648e-01
3.322356641292572021e-01
3.323234021663665771e-01
3.317130804061889648e-01
3.323714435100555420e-01
3.329635560512542725e-01
3.323234021663665771e-01
3.317214250564575195e-01
3.309231102466583252e-01
3.321070373058319092e-01
3.327729105949401855e-01
3.309171199798583984e-01
3.323167562484741211e-01
3.329597711563110352e-01
3.314726948738098145e-01
3.317974209785461426e-01
3.320385515689849854e-01
3.321813642978668213e-01
3.322278261184692383e-01
3.315661251544952393e-01
3.309300243854522705e-01
3.316726386547088623e-01
3.329635560512542725e-01
3.322727084159851074e-01
3.329126834869384766e-01
3.329126834869384766e-01
3.323167562484741211e-01
3.323234319686889648e-01
3.323714435100555420e-01
3.330032527446746826e-01
3.323498666286468506e-01
3.318225443363189697e-01
3.310903012752532959e-01
3.318225443363189697e-01
3.309171199798583984e-01
3.309171199798583984e-01
3.329394161701202393e-01
3.318147957324981689e-01
3.320058286190032959e-01
3.331536054611206055e-01
3.323234319686889648e-01
3.322727084159851074e-01
3.322851359844207764e-01
3.326359093189239502e-01
3.309171199798583984e-01
3.329597711563110352e-01
3.326739668846130371e-01
3.323714435100555420e-01
3.321068286895751953e-01
3.321068286895751953e-01
3.321813642978668213e-01
3.321255147457122803e-01
3.329635560512542725e-01
3.323234319686889648e-01
3.308848440647125244e-01
3.309231102466583252e-01
3.322356641292572021e-01
