2.019148319959640503e-03
1.936975866556167603e-03
3.019113093614578247e-03
1.953240483999252319e-03
4.862323403358459473e-03
7.726974785327911377e-03
6.467938423156738281e-03
6.467938423156738281e-03
6.467938423156738281e-03
1.942764967679977417e-03
1.977127045392990112e-03
6.198979914188385010e-03
5.817521363496780396e-03
6.758913397789001465e-03
1.953259110450744629e-03
4.630710929632186890e-03
4.028335213661193848e-03
4.937857389450073242e-03
4.937857389450073242e-03
1.984808593988418579e-03
1.984801143407821655e-03
6.198979914188385010e-03
7.558148354291915894e-03
7.735658437013626099e-03
6.467938423156738281e-03
6.668701767921447754e-03
4.675343632698059082e-03
6.668698042631149292e-03
1.936975866556167603e-03
1.936968415975570679e-03
4.028335213661193848e-03
2.521045506000518799e-03
3.019087016582489014e-03
3.019116818904876709e-03
4.801679402589797974e-03
7.755894213914871216e-03
1.942764967679977417e-03
4.096329212188720703e-03
8.155282586812973022e-03
4.096329212188720703e-03
4.096329212188720703e-03
1.954268664121627808e-03
7.606659084558486938e-03
3.005918115377426147e-03
1.953240483999252319e-03
7.606659084558486938e-03
6.467938423156738281e-03
7.681239396333694458e-03
1.953259110450744629e-03
2.998445183038711548e-03
1.926839351654052734e-03
6.407596170902252197e-03
3.027278929948806763e-03
1.984801143407821655e-03
6.609044969081878662e-03
7.165119051933288574e-03
4.937857389450073242e-03
6.668709218502044678e-03
7.845029234886169434e-03
7.747288793325424194e-03
7.602769881486892700e-03
3.019113093614578247e-03
4.096314311027526855e-03
7.777214050292968750e-03
7.681231945753097534e-03
7.755879312753677368e-03
1.953903585672378540e-03
1.953903585672378540e-03
6.609044969081878662e-03
1.953240483999252319e-03
6.467938423156738281e-03
4.028335213661193848e-03
1.955542713403701782e-03
7.578812539577484131e-03
5.419768393039703369e-03
7.578816264867782593e-03
1.984793692827224731e-03
1.984801143407821655e-03
3.736704587936401367e-03
7.737223058938980103e-03
6.758905947208404541e-03
6.788972765207290649e-03
1.953240483999252319e-03
7.755871862173080444e-03
2.397228032350540161e-03
1.966647803783416748e-03
1.984801143407821655e-03
7.165119051933288574e-03
1.988526433706283569e-03
6.467938423156738281e-03
5.719762295484542847e-03
5.719762295484542847e-03
7.747288793325424194e-03
7.726974785327911377e-03
7.681231945753097534e-03
1.953240483999252319e-03
2.019148319959640503e-03
1.926869153976440430e-03
3.005918115377426147e-03
