1.664426177740097046e-03
1.596163958311080933e-03
1.599095761775970459e-03
1.599241048097610474e-03
3.515336662530899048e-03
4.948660731315612793e-03
3.811869770288467407e-03
3.811869770288467407e-03
3.811869770288467407e-03
1.592300832271575928e-03
1.598030328750610352e-03
3.780756145715713501e-03
3.057993948459625244e-03
4.563163965940475464e-03
1.599244773387908936e-03
1.595102250576019287e-03
2.054061740636825562e-03
2.595346421003341675e-03
2.595346421003341675e-03
1.599419862031936646e-03
1.599416136741638184e-03
3.780756145715713501e-03
4.572238773107528687e-03
4.954643547534942627e-03
3.811869770288467407e-03
3.902684897184371948e-03
2.748619765043258667e-03
3.902677446603775024e-03
1.596163958311080933e-03
1.596160233020782471e-03
2.054084092378616333e-03
3.138393163681030273e-03
1.599054783582687378e-03
1.599073410034179688e-03
3.461085259914398193e-03
4.960875958204269409e-03
1.592300832271575928e-03
1.600392162799835205e-03
5.256582051515579224e-03
1.600392162799835205e-03
1.600392162799835205e-03
2.296920865774154663e-03
4.962060600519180298e-03
3.820430487394332886e-03
1.599229872226715088e-03
4.962060600519180298e-03
3.811869770288467407e-03
5.192440003156661987e-03
1.599244773387908936e-03
3.017898648977279663e-03
1.596424728631973267e-03
4.415225237607955933e-03
2.187069505453109741e-03
1.599416136741638184e-03
4.962116479873657227e-03
4.866693168878555298e-03
2.595346421003341675e-03
3.902681171894073486e-03
5.180362612009048462e-03
5.186222493648529053e-03
5.182541906833648682e-03
1.599095761775970459e-03
1.600410789251327515e-03
5.179084837436676025e-03
5.192440003156661987e-03
4.960879683494567871e-03
1.554429531097412109e-03
1.554429531097412109e-03
4.962116479873657227e-03
1.599241048097610474e-03
3.811869770288467407e-03
2.054054290056228638e-03
2.100203186273574829e-03
4.877094179391860962e-03
3.669627010822296143e-03
4.877101629972457886e-03
1.599404960870742798e-03
1.599416136741638184e-03
2.255659550428390503e-03
5.073919892311096191e-03
4.563149064779281616e-03
4.383455961942672729e-03
1.599241048097610474e-03
4.960864782333374023e-03
2.252876758575439453e-03
2.169582992792129517e-03
1.599416136741638184e-03
4.866693168878555298e-03
2.377528697252273560e-03
3.811869770288467407e-03
4.416331648826599121e-03
4.416331648826599121e-03
5.186222493648529053e-03
4.948660731315612793e-03
5.192440003156661987e-03
1.599241048097610474e-03
1.664426177740097046e-03
1.596413552761077881e-03
3.820430487394332886e-03
