1.753055863082408905e-02
1.753065735101699829e-02
1.754381880164146423e-02
1.753042079508304596e-02
1.852048560976982117e-02
1.852876134216785431e-02
1.848855800926685333e-02
1.852511614561080933e-02
1.852661930024623871e-02
1.773882471024990082e-02
1.753036119043827057e-02
1.853269338607788086e-02
1.804964803159236908e-02
1.851743459701538086e-02
1.753053627908229828e-02
1.791827753186225891e-02
1.797843538224697113e-02
1.843741163611412048e-02
1.839714683592319489e-02
1.753146760165691376e-02
1.753088459372520447e-02
1.853072643280029297e-02
1.853067055344581604e-02
1.852955296635627747e-02
1.847674325108528137e-02
1.851512305438518524e-02
1.847060956060886383e-02
1.852716132998466492e-02
1.752932555973529816e-02
1.753780618309974670e-02
1.814861223101615906e-02
1.846249774098396301e-02
1.753073744475841522e-02
1.753127574920654297e-02
1.846499554812908173e-02
1.852439157664775848e-02
1.758272387087345123e-02
1.753041520714759827e-02
1.852654293179512024e-02
1.753111556172370911e-02
1.753111556172370911e-02
1.755342632532119751e-02
1.852644607424736023e-02
1.807709224522113800e-02
1.755567640066146851e-02
1.852632872760295868e-02
1.852718368172645569e-02
1.852610334753990173e-02
1.753055490553379059e-02
1.784326881170272827e-02
1.753087155520915985e-02
1.852721720933914185e-02
1.753042824566364288e-02
1.753092929720878601e-02
1.853303611278533936e-02
1.823768019676208496e-02
1.828265003859996796e-02
1.851979084312915802e-02
1.853054016828536987e-02
1.853074133396148682e-02
1.852943003177642822e-02
1.753067784011363983e-02
1.776845939457416534e-02
1.852871105074882507e-02
1.852610334753990173e-02
1.852861419320106506e-02
1.753050461411476135e-02
1.752900145947933197e-02
1.852292381227016449e-02
1.753042079508304596e-02
1.852718368172645569e-02
1.824687421321868896e-02
1.852869801223278046e-02
1.753064990043640137e-02
1.753169856965541840e-02
1.754255220293998718e-02
1.753130555152893066e-02
1.753082871437072754e-02
1.780027523636817932e-02
1.852869987487792969e-02
1.852628029882907867e-02
1.840566471219062805e-02
1.753081195056438446e-02
1.849780790507793427e-02
1.779456064105033875e-02
1.752988621592521667e-02
1.753081940114498138e-02
1.847119815647602081e-02
1.790607161819934845e-02
1.852511614561080933e-02
1.753043383359909058e-02
1.753036677837371826e-02
1.852734759449958801e-02
1.853051036596298218e-02
1.852610334753990173e-02
1.753042079508304596e-02
1.753062941133975983e-02
1.753089204430580139e-02
1.808088831603527069e-02
