1.665228158235549927e-01
1.521867215633392334e-01
6.265407204627990723e-01
5.806589126586914062e-01
8.014051914215087891e-01
9.170201420783996582e-01
5.009315013885498047e-01
5.009315013885498047e-01
5.009315013885498047e-01
9.775274991989135742e-02
9.843166172504425049e-02
8.632124662399291992e-01
4.667912125587463379e-01
5.881111621856689453e-01
5.806694626808166504e-01
4.538445472717285156e-01
5.390821695327758789e-01
6.176043152809143066e-01
6.176043152809143066e-01
1.787642687559127808e-01
1.787590086460113525e-01
8.632124662399291992e-01
9.921214580535888672e-01
9.132835268974304199e-01
5.009315013885498047e-01
6.431345939636230469e-01
6.497921347618103027e-01
6.431398391723632812e-01
1.521867215633392334e-01
1.521867215633392334e-01
5.390874147415161133e-01
7.357034087181091309e-01
6.265407204627990723e-01
6.265407204627990723e-01
6.937371492385864258e-01
9.721646308898925781e-01
9.775274991989135742e-02
6.821746230125427246e-01
1.000000000000000000e+00
6.821746230125427246e-01
6.821746230125427246e-01
0.000000000000000000e+00
8.524445891380310059e-01
7.873848676681518555e-01
5.806694626808166504e-01
8.524445891380310059e-01
5.009315013885498047e-01
5.716488361358642578e-01
5.806694626808166504e-01
2.324193418025970459e-01
1.449134200811386108e-01
7.175779938697814941e-01
2.195831835269927979e-01
1.787590086460113525e-01
9.293142557144165039e-01
5.360717773437500000e-01
6.176043152809143066e-01
6.431398391723632812e-01
9.756907820701599121e-01
9.224567413330078125e-01
9.004736542701721191e-01
6.265407204627990723e-01
6.821746230125427246e-01
9.239987134933471680e-01
5.716488361358642578e-01
9.721593856811523438e-01
8.875322341918945312e-02
8.875322341918945312e-02
9.293142557144165039e-01
5.806589126586914062e-01
5.009315013885498047e-01
5.390768647193908691e-01
5.685437321662902832e-01
6.844587326049804688e-01
2.603547275066375732e-01
6.844639778137207031e-01
1.787590086460113525e-01
1.787590086460113525e-01
3.598389625549316406e-01
8.917951583862304688e-01
5.881111621856689453e-01
4.203094542026519775e-01
5.806589126586914062e-01
9.721593856811523438e-01
6.358560323715209961e-01
2.231461461633443832e-03
1.787590086460113525e-01
5.360717773437500000e-01
1.410452066920697689e-03
5.009315013885498047e-01
4.375927448272705078e-01
4.375927448272705078e-01
9.224567413330078125e-01
9.170201420783996582e-01
5.716488361358642578e-01
5.806589126586914062e-01
1.665280759334564209e-01
1.449134200811386108e-01
7.873848676681518555e-01
