1.855101995170116425e-02
4.618620732799172401e-04
1.207386627793312073e-01
2.937442855909466743e-03
4.511415958404541016e-01
9.804487228393554688e-01
6.645192503929138184e-01
6.645192503929138184e-01
6.645192503929138184e-01
1.681177876889705658e-03
6.547884549945592880e-03
4.636144936084747314e-01
6.782800555229187012e-01
8.891319632530212402e-01
2.932164352387189865e-03
2.766368985176086426e-01
1.804825067520141602e-01
3.906561434268951416e-01
3.906561434268951416e-01
2.501972718164324760e-03
2.504612086340785027e-03
4.636144936084747314e-01
9.923146367073059082e-01
9.675588011741638184e-01
6.645192503929138184e-01
7.516765594482421875e-01
2.243092507123947144e-01
7.516739368438720703e-01
4.618620732799172401e-04
4.671404894907027483e-04
1.804825067520141602e-01
5.784888565540313721e-02
1.207413002848625183e-01
1.207413002848625183e-01
4.498615860939025879e-01
9.814780354499816895e-01
1.681177876889705658e-03
3.358370661735534668e-01
9.985431432723999023e-01
3.358370661735534668e-01
3.358370661735534668e-01
1.232485547661781311e-01
9.766218662261962891e-01
1.477298885583877563e-01
2.932164352387189865e-03
9.766218662261962891e-01
6.645192503929138184e-01
9.813750982284545898e-01
2.932164352387189865e-03
1.629898101091384888e-01
1.095272949896752834e-03
7.754558324813842773e-01
2.136046141386032104e-01
2.504612086340785027e-03
7.999107837677001953e-01
9.801716208457946777e-01
3.906561434268951416e-01
7.516791820526123047e-01
1.000000000000000000e+00
9.961942434310913086e-01
9.787754416465759277e-01
1.207386627793312073e-01
3.358423411846160889e-01
9.966481924057006836e-01
9.813750982284545898e-01
9.814832806587219238e-01
0.000000000000000000e+00
0.000000000000000000e+00
7.999107837677001953e-01
2.937442855909466743e-03
6.645192503929138184e-01
1.804825067520141602e-01
1.417256775312125683e-03
9.946793317794799805e-01
6.188133358955383301e-01
9.946793317794799805e-01
2.501972718164324760e-03
2.504612086340785027e-03
2.701365351676940918e-01
9.938216209411621094e-01
8.891267180442810059e-01
8.166275620460510254e-01
2.937442855909466743e-03
9.814780354499816895e-01
7.794383913278579712e-02
1.146631985902786255e-01
2.504612086340785027e-03
9.801716208457946777e-01
1.440085917711257935e-01
6.645192503929138184e-01
9.483295083045959473e-01
9.483295083045959473e-01
9.961942434310913086e-01
9.804487228393554688e-01
9.813750982284545898e-01
2.937442855909466743e-03
1.854838058352470398e-02
1.089994446374475956e-03
1.477351635694503784e-01
