1.020408142358064651e-02
8.163265138864517212e-02
3.061224520206451416e-02
9.183673560619354248e-02
6.632652878761291504e-01
9.183673262596130371e-01
9.693877696990966797e-01
9.693877696990966797e-01
9.693877696990966797e-01
9.183673560619354248e-02
6.122449040412902832e-02
9.081632494926452637e-01
6.938775777816772461e-01
8.775510191917419434e-01
9.183673560619354248e-02
8.775510191917419434e-01
7.959183454513549805e-01
5.714285969734191895e-01
5.714285969734191895e-01
4.081632569432258606e-02
4.081632569432258606e-02
9.081632494926452637e-01
6.224489808082580566e-01
9.897959232330322266e-01
9.693877696990966797e-01
4.693877696990966797e-01
9.693877696990966797e-01
4.693877696990966797e-01
8.163265138864517212e-02
8.163265138864517212e-02
7.959183454513549805e-01
2.040816396474838257e-01
3.061224520206451416e-02
3.061224520206451416e-02
9.489796161651611328e-01
9.081632494926452637e-01
9.183673560619354248e-02
0.000000000000000000e+00
7.653061151504516602e-01
0.000000000000000000e+00
0.000000000000000000e+00
3.571428656578063965e-01
9.183673262596130371e-01
2.040816396474838257e-01
9.183673560619354248e-02
9.183673262596130371e-01
9.693877696990966797e-01
8.979591727256774902e-01
9.183673560619354248e-02
8.367347121238708496e-01
5.102040991187095642e-02
9.897959232330322266e-01
2.653061151504516602e-01
4.081632569432258606e-02
8.061224222183227539e-01
8.265306353569030762e-01
5.714285969734191895e-01
4.693877696990966797e-01
9.081632494926452637e-01
1.000000000000000000e+00
1.000000000000000000e+00
3.061224520206451416e-02
0.000000000000000000e+00
9.591836929321289062e-01
8.979591727256774902e-01
9.081632494926452637e-01
7.142857462167739868e-02
7.142857462167739868e-02
8.061224222183227539e-01
9.183673560619354248e-02
9.693877696990966797e-01
7.959183454513549805e-01
3.061224520206451416e-01
3.061224520206451416e-01
0.000000000000000000e+00
3.061224520206451416e-01
4.081632569432258606e-02
4.081632569432258606e-02
1.020408198237419128e-01
9.387755393981933594e-01
8.877550959587097168e-01
9.795918464660644531e-01
9.183673560619354248e-02
9.081632494926452637e-01
1.326530575752258301e-01
3.265306055545806885e-01
4.081632569432258606e-02
8.265306353569030762e-01
3.571428656578063965e-01
9.693877696990966797e-01
1.020408142358064651e-02
1.020408142358064651e-02
1.000000000000000000e+00
9.183673262596130371e-01
8.979591727256774902e-01
9.183673560619354248e-02
1.020408142358064651e-02
5.102040991187095642e-02
2.040816396474838257e-01
