0.000000000000000000e+00
5.917159840464591980e-03
2.366863936185836792e-02
5.917159840464591980e-03
7.988165616989135742e-01
9.349112510681152344e-01
9.704142212867736816e-01
9.704142212867736816e-01
9.704142212867736816e-01
1.183431968092918396e-02
0.000000000000000000e+00
9.585798978805541992e-01
7.041420340538024902e-01
9.408283829689025879e-01
0.000000000000000000e+00
8.520709872245788574e-01
8.165680766105651855e-01
5.739644765853881836e-01
5.739644765853881836e-01
1.183431968092918396e-02
1.183431968092918396e-02
9.585798978805541992e-01
8.343195319175720215e-01
1.000000000000000000e+00
9.704142212867736816e-01
5.325443744659423828e-01
9.881656765937805176e-01
5.325443744659423828e-01
5.917159840464591980e-03
5.917159840464591980e-03
8.165680766105651855e-01
1.775147914886474609e-01
2.366863936185836792e-02
2.366863936185836792e-02
9.112426042556762695e-01
9.763313531875610352e-01
1.183431968092918396e-02
0.000000000000000000e+00
9.644970297813415527e-01
0.000000000000000000e+00
0.000000000000000000e+00
5.917159840464591980e-03
9.704142212867736816e-01
2.781065106391906738e-01
5.917159840464591980e-03
9.704142212867736816e-01
9.704142212867736816e-01
9.526627063751220703e-01
0.000000000000000000e+00
7.159763574600219727e-01
1.775147952139377594e-02
1.000000000000000000e+00
5.917159840464591980e-02
1.183431968092918396e-02
8.343195319175720215e-01
8.875739574432373047e-01
5.739644765853881836e-01
5.325443744659423828e-01
8.757396340370178223e-01
9.940828680992126465e-01
9.881656765937805176e-01
2.366863936185836792e-02
5.917159840464591980e-03
9.644970297813415527e-01
9.526627063751220703e-01
9.763313531875610352e-01
0.000000000000000000e+00
0.000000000000000000e+00
8.343195319175720215e-01
5.917159840464591980e-03
9.704142212867736816e-01
8.165680766105651855e-01
2.544378638267517090e-01
3.136094808578491211e-01
0.000000000000000000e+00
3.136094808578491211e-01
1.183431968092918396e-02
1.183431968092918396e-02
9.467455744743347168e-02
9.881656765937805176e-01
9.408283829689025879e-01
9.822485446929931641e-01
5.917159840464591980e-03
9.763313531875610352e-01
8.284023404121398926e-02
1.775147952139377594e-02
1.183431968092918396e-02
8.875739574432373047e-01
1.775147952139377594e-02
9.704142212867736816e-01
0.000000000000000000e+00
0.000000000000000000e+00
9.940828680992126465e-01
9.349112510681152344e-01
9.526627063751220703e-01
5.917159840464591980e-03
0.000000000000000000e+00
1.775147952139377594e-02
2.781065106391906738e-01
