8.297573775053024292e-03
1.713466481305658817e-03
2.598524391651153564e-01
2.198032801970839500e-03
6.876046061515808105e-01
9.913077950477600098e-01
7.967019677162170410e-01
7.967019677162170410e-01
7.967019677162170410e-01
8.652255870401859283e-03
1.599568314850330353e-02
9.763611555099487305e-01
7.497439980506896973e-01
9.637574553489685059e-01
2.198032801970839500e-03
5.209137797355651855e-01
6.184564828872680664e-01
6.842775940895080566e-01
6.842775940895080566e-01
8.437448181211948395e-03
8.442443795502185822e-03
9.763611555099487305e-01
9.900039434432983398e-01
9.620239734649658203e-01
7.967019677162170410e-01
9.080522656440734863e-01
7.898480892181396484e-01
9.080572724342346191e-01
1.713466481305658817e-03
1.708470867015421391e-03
6.184614896774291992e-01
9.159302711486816406e-02
2.598524391651153564e-01
2.598474323749542236e-01
5.023953318595886230e-01
9.866569638252258301e-01
8.652255870401859283e-03
4.401011168956756592e-01
1.000000000000000000e+00
4.401011168956756592e-01
4.401011168956756592e-01
3.896512498613446951e-04
9.639222621917724609e-01
1.560903042554855347e-01
2.208023797720670700e-03
9.639222621917724609e-01
7.967019677162170410e-01
7.414913773536682129e-01
2.198032801970839500e-03
2.274014800786972046e-01
1.718461979180574417e-03
7.710249423980712891e-01
2.110311239957809448e-01
8.442443795502185822e-03
9.003441929817199707e-01
6.511372327804565430e-01
6.842775940895080566e-01
9.080522656440734863e-01
9.916774630546569824e-01
9.837445616722106934e-01
9.719551205635070801e-01
2.598524391651153564e-01
4.401011168956756592e-01
9.961034655570983887e-01
7.414963841438293457e-01
9.866569638252258301e-01
1.473681069910526276e-03
1.473681069910526276e-03
9.003441929817199707e-01
2.198032801970839500e-03
7.967019677162170410e-01
6.184614896774291992e-01
0.000000000000000000e+00
9.526823759078979492e-01
7.144455909729003906e-01
9.526823759078979492e-01
8.437448181211948395e-03
8.442443795502185822e-03
3.966150283813476562e-01
9.895043969154357910e-01
9.637474417686462402e-01
5.584202408790588379e-01
2.198032801970839500e-03
9.866569638252258301e-01
5.573012307286262512e-02
5.699898581951856613e-03
8.442443795502185822e-03
6.511372327804565430e-01
6.544142961502075195e-04
7.967019677162170410e-01
4.703939855098724365e-01
4.703939855098724365e-01
9.837445616722106934e-01
9.913077950477600098e-01
7.414963841438293457e-01
2.198032801970839500e-03
8.297573775053024292e-03
1.713466481305658817e-03
1.560903042554855347e-01
