1.190476212650537491e-02
1.190476212650537491e-02
2.380952425301074982e-02
4.761904850602149963e-02
7.619047760963439941e-01
9.285714030265808105e-01
9.761904478073120117e-01
9.761904478073120117e-01
9.761904478073120117e-01
4.761904850602149963e-02
2.380952425301074982e-02
9.285714030265808105e-01
7.976190447807312012e-01
8.809523582458496094e-01
4.761904850602149963e-02
8.452380895614624023e-01
8.333333134651184082e-01
6.428571343421936035e-01
6.428571343421936035e-01
2.380952425301074982e-02
2.380952425301074982e-02
9.285714030265808105e-01
7.380952239036560059e-01
1.000000000000000000e+00
9.761904478073120117e-01
6.190476417541503906e-01
9.761904478073120117e-01
6.190476417541503906e-01
1.190476212650537491e-02
1.190476212650537491e-02
8.333333134651184082e-01
1.904761940240859985e-01
2.380952425301074982e-02
2.380952425301074982e-02
9.880952239036560059e-01
9.285714030265808105e-01
4.761904850602149963e-02
2.380952425301074982e-02
9.166666865348815918e-01
2.380952425301074982e-02
2.380952425301074982e-02
1.666666716337203979e-01
9.166666865348815918e-01
2.142857164144515991e-01
4.761904850602149963e-02
9.166666865348815918e-01
9.761904478073120117e-01
9.285714030265808105e-01
4.761904850602149963e-02
8.690476417541503906e-01
3.571428731083869934e-02
9.761904478073120117e-01
2.023809552192687988e-01
2.380952425301074982e-02
8.571428656578063965e-01
8.214285969734191895e-01
6.428571343421936035e-01
6.190476417541503906e-01
9.880952239036560059e-01
1.000000000000000000e+00
1.000000000000000000e+00
2.380952425301074982e-02
2.380952425301074982e-02
9.523809552192687988e-01
9.285714030265808105e-01
9.285714030265808105e-01
1.190476212650537491e-02
1.190476212650537491e-02
8.571428656578063965e-01
4.761904850602149963e-02
9.761904478073120117e-01
8.333333134651184082e-01
2.857142984867095947e-01
3.571428656578063965e-01
0.000000000000000000e+00
3.571428656578063965e-01
2.380952425301074982e-02
2.380952425301074982e-02
5.952380970120429993e-02
9.642857313156127930e-01
8.809523582458496094e-01
9.761904478073120117e-01
4.761904850602149963e-02
9.285714030265808105e-01
5.952380970120429993e-02
1.071428582072257996e-01
2.380952425301074982e-02
8.214285969734191895e-01
1.547619104385375977e-01
9.761904478073120117e-01
2.380952425301074982e-02
2.380952425301074982e-02
1.000000000000000000e+00
9.285714030265808105e-01
9.285714030265808105e-01
4.761904850602149963e-02
1.190476212650537491e-02
3.571428731083869934e-02
2.142857164144515991e-01
