8.786950260400772095e-03
1.147467191913165152e-04
1.682893037796020508e-01
6.708269938826560974e-04
5.248426795005798340e-01
9.952865839004516602e-01
8.355988264083862305e-01
8.355988264083862305e-01
8.355988264083862305e-01
2.736267924774438143e-04
3.009894629940390587e-03
7.858781814575195312e-01
7.130228877067565918e-01
8.798778653144836426e-01
6.708269938826560974e-04
4.787056446075439453e-01
3.591660559177398682e-01
5.398700833320617676e-01
5.398700833320617676e-01
3.839601762592792511e-03
3.835188457742333412e-03
7.858781814575195312e-01
9.801885485649108887e-01
9.958073496818542480e-01
8.355988264083862305e-01
8.671497702598571777e-01
4.875941276550292969e-01
8.671497702598571777e-01
1.147467191913165152e-04
1.059200512827374041e-04
3.591660559177398682e-01
8.700007945299148560e-02
1.682760566473007202e-01
1.682848930358886719e-01
5.127677917480468750e-01
9.966723322868347168e-01
2.736267924774438143e-04
3.723663389682769775e-01
1.000000000000000000e+00
3.723663389682769775e-01
3.723663389682769775e-01
7.502670050598680973e-04
9.854713082313537598e-01
1.660031974315643311e-01
6.708269938826560974e-04
9.854713082313537598e-01
8.355988264083862305e-01
9.920383691787719727e-01
6.708269938826560974e-04
1.647586375474929810e-01
0.000000000000000000e+00
8.245875835418701172e-01
1.697986572980880737e-01
3.835188457742333412e-03
8.580715656280517578e-01
9.326789975166320801e-01
5.398700833320617676e-01
8.671497702598571777e-01
9.979345798492431641e-01
9.963678121566772461e-01
9.850829243659973145e-01
1.682893037796020508e-01
3.723663389682769775e-01
9.970695376396179199e-01
9.920294880867004395e-01
9.966723322868347168e-01
7.105469703674316406e-04
7.105469703674316406e-04
8.580715656280517578e-01
6.708269938826560974e-04
8.355988264083862305e-01
3.591660559177398682e-01
8.650137460790574551e-04
9.825673103332519531e-01
6.351804733276367188e-01
9.825717210769653320e-01
3.835188457742333412e-03
3.835188457742333412e-03
3.036772012710571289e-01
9.958867430686950684e-01
8.798734545707702637e-01
8.838851451873779297e-01
6.708269938826560974e-04
9.966679215431213379e-01
6.731660664081573486e-02
1.937454217113554478e-03
3.835188457742333412e-03
9.326789975166320801e-01
4.351548850536346436e-03
8.355988264083862305e-01
6.941602826118469238e-01
6.941602826118469238e-01
9.963678121566772461e-01
9.952865839004516602e-01
9.920294880867004395e-01
6.708269938826560974e-04
8.786950260400772095e-03
0.000000000000000000e+00
1.660031974315643311e-01
