2.380952425301074982e-02
2.380952425301074982e-02
4.761904850602149963e-02
3.571428731083869934e-02
7.380952239036560059e-01
9.166666865348815918e-01
9.642857313156127930e-01
9.642857313156127930e-01
9.642857313156127930e-01
4.761904850602149963e-02
2.380952425301074982e-02
9.047619104385375977e-01
8.095238208770751953e-01
8.690476417541503906e-01
3.571428731083869934e-02
8.452380895614624023e-01
8.214285969734191895e-01
6.428571343421936035e-01
6.428571343421936035e-01
1.190476212650537491e-02
1.190476212650537491e-02
9.047619104385375977e-01
7.500000000000000000e-01
1.000000000000000000e+00
9.642857313156127930e-01
5.714285969734191895e-01
9.880952239036560059e-01
5.714285969734191895e-01
2.380952425301074982e-02
2.380952425301074982e-02
8.214285969734191895e-01
2.023809552192687988e-01
4.761904850602149963e-02
4.761904850602149963e-02
9.642857313156127930e-01
9.404761791229248047e-01
4.761904850602149963e-02
4.761904850602149963e-02
9.285714030265808105e-01
4.761904850602149963e-02
4.761904850602149963e-02
1.190476194024085999e-01
9.285714030265808105e-01
2.023809552192687988e-01
3.571428731083869934e-02
9.285714030265808105e-01
9.642857313156127930e-01
9.166666865348815918e-01
3.571428731083869934e-02
8.928571343421936035e-01
2.380952425301074982e-02
1.000000000000000000e+00
1.666666716337203979e-01
1.190476212650537491e-02
8.809523582458496094e-01
8.214285969734191895e-01
6.428571343421936035e-01
5.714285969734191895e-01
9.761904478073120117e-01
1.000000000000000000e+00
9.880952239036560059e-01
4.761904850602149963e-02
4.761904850602149963e-02
9.642857313156127930e-01
9.166666865348815918e-01
9.404761791229248047e-01
1.190476212650537491e-02
1.190476212650537491e-02
8.809523582458496094e-01
3.571428731083869934e-02
9.642857313156127930e-01
8.214285969734191895e-01
2.738095223903656006e-01
3.928571343421936035e-01
0.000000000000000000e+00
3.928571343421936035e-01
2.380952425301074982e-02
1.190476212650537491e-02
5.952380970120429993e-02
9.761904478073120117e-01
8.690476417541503906e-01
9.761904478073120117e-01
3.571428731083869934e-02
9.404761791229248047e-01
8.333333581686019897e-02
1.071428582072257996e-01
1.190476212650537491e-02
8.214285969734191895e-01
1.428571492433547974e-01
9.642857313156127930e-01
2.380952425301074982e-02
2.380952425301074982e-02
1.000000000000000000e+00
9.166666865348815918e-01
9.166666865348815918e-01
3.571428731083869934e-02
2.380952425301074982e-02
2.380952425301074982e-02
2.023809552192687988e-01
