5.633041728287935257e-03
5.741535685956478119e-03
5.243569612503051758e-03
5.281299352645874023e-03
6.071704905480146408e-03
6.604327820241451263e-03
6.350062787532806396e-03
6.685844622552394867e-03
6.857979577034711838e-03
6.089695263653993607e-03
5.669581703841686249e-03
6.250160746276378632e-03
5.683802533894777298e-03
6.322792731225490570e-03
5.294489674270153046e-03
5.694333463907241821e-03
5.955483764410018921e-03
5.922923330217599869e-03
6.040188483893871307e-03
5.292096640914678574e-03
5.363834556192159653e-03
6.226105615496635437e-03
6.598141975700855255e-03
6.424399092793464661e-03
6.375831086188554764e-03
6.302309688180685043e-03
5.911279935389757156e-03
6.432639900594949722e-03
5.815470125526189804e-03
5.838324315845966339e-03
5.934751592576503754e-03
6.341110449284315109e-03
5.604906007647514343e-03
5.215256474912166595e-03
5.854952149093151093e-03
6.769810803234577179e-03
5.749298259615898132e-03
5.183282308280467987e-03
6.361910607665777206e-03
5.158904474228620529e-03
5.158904474228620529e-03
5.852421745657920837e-03
6.229223683476448059e-03
5.182518623769283295e-03
5.215949378907680511e-03
6.520760245621204376e-03
6.654908414930105209e-03
6.376349832862615585e-03
5.305537953972816467e-03
5.983753129839897156e-03
5.383025389164686203e-03
5.755205638706684113e-03
5.622932687401771545e-03
5.766001995652914047e-03
6.417315453290939331e-03
5.843394435942173004e-03
5.730705335736274719e-03
6.249425932765007019e-03
6.026538088917732239e-03
5.946059711277484894e-03
6.366191431879997253e-03
5.247392691671848297e-03
5.478956736624240875e-03
7.011883892118930817e-03
6.376349367201328278e-03
6.410114467144012451e-03
5.452474579215049744e-03
5.469245370477437973e-03
6.130171939730644226e-03
5.281299352645874023e-03
6.654908414930105209e-03
5.929652601480484009e-03
5.541848018765449524e-03
6.223794072866439819e-03
6.299905478954315186e-03
6.216549780219793320e-03
5.917715840041637421e-03
5.633579101413488388e-03
5.919362418353557587e-03
6.893321871757507324e-03
6.622236687690019608e-03
5.914702545851469040e-03
5.334673449397087097e-03
6.577861495316028595e-03
5.316795781254768372e-03
5.548526532948017120e-03
5.974896717816591263e-03
5.906252656131982803e-03
6.310828961431980133e-03
6.685844622552394867e-03
6.918386556208133698e-03
7.052361033856868744e-03
5.573854781687259674e-03
6.265929434448480606e-03
6.376349367201328278e-03
5.281299352645874023e-03
6.048982962965965271e-03
5.692967213690280914e-03
5.211213603615760803e-03
