2.108918735757470131e-03
2.018808620050549507e-03
1.674138195812702179e-02
1.925233053043484688e-03
9.847956895828247070e-01
9.946956634521484375e-01
9.544008970260620117e-01
9.898799657821655273e-01
9.919213056564331055e-01
2.107307016849517822e-01
1.959890592843294144e-03
9.996499419212341309e-01
5.097882151603698730e-01
9.824181795120239258e-01
1.914835767820477486e-03
3.856513798236846924e-01
4.465344846248626709e-01
8.946597576141357422e-01
8.659441471099853516e-01
2.020541578531265259e-03
1.984151080250740051e-03
9.973001480102539062e-01
9.973382949829101562e-01
9.947112202644348145e-01
9.418825507164001465e-01
9.780721068382263184e-01
9.249800443649291992e-01
9.897361397743225098e-01
5.389266298152506351e-04
9.744001552462577820e-03
6.204985976219177246e-01
8.972625732421875000e-01
4.431848227977752686e-02
2.467625308781862259e-03
9.281979799270629883e-01
9.877710342407226562e-01
6.961164623498916626e-02
1.675697858445346355e-03
9.914222359657287598e-01
1.946027623489499092e-03
1.946027623489499092e-03
3.555876016616821289e-02
9.919524788856506348e-01
5.941640138626098633e-01
1.127396374940872192e-01
9.917532205581665039e-01
9.927114844322204590e-01
9.919178485870361328e-01
1.921767252497375011e-03
2.739722728729248047e-01
1.966822193935513496e-03
9.925555586814880371e-01
1.947760465554893017e-03
1.693026744760572910e-03
1.000000000000000000e+00
6.765469908714294434e-01
7.320477366447448730e-01
9.855061769485473633e-01
9.953749179840087891e-01
9.973417520523071289e-01
9.947233796119689941e-01
1.925233053043484688e-03
2.453883588314056396e-01
9.928812980651855469e-01
9.919178485870361328e-01
9.946072697639465332e-01
2.022274537011981010e-03
0.000000000000000000e+00
9.894571304321289062e-01
1.925233053043484688e-03
9.927114844322204590e-01
7.095549702644348145e-01
9.926508665084838867e-01
1.977219479158520699e-03
4.249029327183961868e-03
2.863242663443088531e-02
2.056932076811790466e-03
2.050000708550214767e-03
2.796405255794525146e-01
9.928986430168151855e-01
9.918658733367919922e-01
8.731390833854675293e-01
1.942561822943389416e-03
9.615455865859985352e-01
3.429600894451141357e-01
5.961117567494511604e-04
1.991082681342959404e-03
9.170191884040832520e-01
3.611622750759124756e-01
9.898799657821655273e-01
1.994548365473747253e-03
1.970287878066301346e-03
9.919507503509521484e-01
9.973140358924865723e-01
9.919178485870361328e-01
1.925233053043484688e-03
2.105452818796038628e-03
2.173035405576229095e-03
5.861043334007263184e-01
