2.247191034257411957e-02
4.494382068514823914e-02
2.247191034257411957e-02
4.494382068514823914e-02
7.415730357170104980e-01
9.213483333587646484e-01
9.662921428680419922e-01
9.662921428680419922e-01
9.662921428680419922e-01
1.123595517128705978e-02
2.247191034257411957e-02
9.101123809814453125e-01
7.977527976036071777e-01
9.101123809814453125e-01
4.494382068514823914e-02
8.426966071128845215e-01
8.764045238494873047e-01
6.292135119438171387e-01
6.292135119438171387e-01
3.370786458253860474e-02
3.370786458253860474e-02
9.101123809814453125e-01
7.752808928489685059e-01
1.000000000000000000e+00
9.662921428680419922e-01
5.730336904525756836e-01
9.887640476226806641e-01
5.730336904525756836e-01
4.494382068514823914e-02
4.494382068514823914e-02
8.764045238494873047e-01
1.573033779859542847e-01
2.247191034257411957e-02
2.247191034257411957e-02
9.775280952453613281e-01
9.213483333587646484e-01
1.123595517128705978e-02
2.247191034257411957e-02
9.325842857360839844e-01
2.247191034257411957e-02
2.247191034257411957e-02
2.247191071510314941e-01
9.550561904907226562e-01
1.573033779859542847e-01
4.494382068514823914e-02
9.550561904907226562e-01
9.662921428680419922e-01
9.325842857360839844e-01
4.494382068514823914e-02
8.988764286041259766e-01
1.123595517128705978e-02
9.775280952453613281e-01
2.359550595283508301e-01
3.370786458253860474e-02
8.539325594902038574e-01
8.426966071128845215e-01
6.292135119438171387e-01
5.730336904525756836e-01
9.550561904907226562e-01
1.000000000000000000e+00
9.775280952453613281e-01
2.247191034257411957e-02
2.247191034257411957e-02
9.438202381134033203e-01
9.325842857360839844e-01
9.213483333587646484e-01
2.247191034257411957e-02
2.247191034257411957e-02
8.539325594902038574e-01
4.494382068514823914e-02
9.662921428680419922e-01
8.764045238494873047e-01
2.696629166603088379e-01
3.595505654811859131e-01
0.000000000000000000e+00
3.595505654811859131e-01
3.370786458253860474e-02
3.370786458253860474e-02
7.865168899297714233e-02
9.775280952453613281e-01
9.101123809814453125e-01
9.887640476226806641e-01
4.494382068514823914e-02
9.213483333587646484e-01
4.494382068514823914e-02
2.022471874952316284e-01
3.370786458253860474e-02
8.426966071128845215e-01
2.247191071510314941e-01
9.662921428680419922e-01
2.247191034257411957e-02
2.247191034257411957e-02
1.000000000000000000e+00
9.213483333587646484e-01
9.325842857360839844e-01
4.494382068514823914e-02
2.247191034257411957e-02
1.123595517128705978e-02
1.573033779859542847e-01
