1.878589093685150146e-01
1.928747445344924927e-01
6.869521141052246094e-01
5.812528729438781738e-01
8.323042392730712891e-01
8.987035751342773438e-01
4.563147127628326416e-01
4.563147127628326416e-01
4.563147127628326416e-01
6.152513623237609863e-02
6.258171051740646362e-02
8.180927038192749023e-01
4.693790972232818604e-01
4.422216415405273438e-01
5.812528729438781738e-01
3.548673391342163086e-01
5.011343955993652344e-01
6.516323685646057129e-01
6.516323685646057129e-01
2.104069143533706665e-01
2.104069143533706665e-01
8.180927038192749023e-01
9.943966865539550781e-01
8.431811332702636719e-01
4.563147127628326416e-01
6.305240988731384277e-01
5.681908726692199707e-01
6.305240988731384277e-01
1.928747445344924927e-01
1.928840279579162598e-01
5.011343955993652344e-01
6.744775772094726562e-01
6.869521141052246094e-01
6.869521141052246094e-01
7.731128334999084473e-01
9.929221272468566895e-01
6.152513623237609863e-02
7.914600968360900879e-01
1.000000000000000000e+00
7.914600968360900879e-01
7.914600968360900879e-01
0.000000000000000000e+00
7.862793803215026855e-01
7.212687134742736816e-01
5.812528729438781738e-01
7.862793803215026855e-01
4.563147127628326416e-01
4.269930422306060791e-01
5.812528729438781738e-01
2.252755761146545410e-01
1.678652763366699219e-01
7.094002366065979004e-01
2.176241278648376465e-01
2.104069143533706665e-01
9.389415979385375977e-01
4.160975515842437744e-01
6.516323685646057129e-01
6.305240988731384277e-01
9.588958024978637695e-01
8.944749236106872559e-01
8.247990608215332031e-01
6.869521141052246094e-01
7.914577722549438477e-01
8.572254776954650879e-01
4.269930422306060791e-01
9.929244518280029297e-01
4.781985655426979065e-02
4.781985655426979065e-02
9.389415979385375977e-01
5.812528729438781738e-01
4.563147127628326416e-01
5.011366605758666992e-01
5.306859612464904785e-01
7.395230531692504883e-01
3.062370419502258301e-01
7.395114898681640625e-01
2.104115486145019531e-01
2.104069143533706665e-01
2.685138583183288574e-01
8.213506937026977539e-01
4.422262907028198242e-01
2.678056061267852783e-01
5.812528729438781738e-01
9.929174780845642090e-01
6.265253424644470215e-01
1.042641466483473778e-03
2.104069143533706665e-01
4.160975515842437744e-01
1.560479053296148777e-03
4.563147127628326416e-01
5.286238789558410645e-01
5.286238789558410645e-01
8.944749236106872559e-01
8.987035751342773438e-01
4.269930422306060791e-01
5.812528729438781738e-01
1.878612339496612549e-01
1.678676009178161621e-01
7.212687134742736816e-01
