8.252321276813745499e-04
3.560891840606927872e-03
2.201223559677600861e-02
2.309440867975354195e-03
9.365115165710449219e-01
9.881263375282287598e-01
9.920378923416137695e-01
9.711017608642578125e-01
9.883953332901000977e-01
8.115387707948684692e-02
2.406171290203928947e-03
9.988875985145568848e-01
6.813697218894958496e-01
9.897344708442687988e-01
2.067614579573273659e-03
5.319724678993225098e-01
4.601379632949829102e-01
9.237521886825561523e-01
9.054580330848693848e-01
3.848060499876737595e-03
2.188527723774313927e-03
9.961126446723937988e-01
9.906775951385498047e-01
9.934827685356140137e-01
9.823466539382934570e-01
9.903511404991149902e-01
9.523390531539916992e-01
9.914847016334533691e-01
5.289949476718902588e-04
4.071749746799468994e-03
6.562379002571105957e-01
9.915360808372497559e-01
3.122581634670495987e-03
5.701054353266954422e-03
9.357135295867919922e-01
9.901818633079528809e-01
4.342897608876228333e-02
2.433376852422952652e-03
9.917748570442199707e-01
3.316042711958289146e-03
3.316042711958289146e-03
4.900004714727401733e-03
9.901697635650634766e-01
7.810565233230590820e-01
1.073708683252334595e-01
9.905778169631958008e-01
9.920318126678466797e-01
9.898554086685180664e-01
1.390501129208132625e-04
3.378192186355590820e-01
2.551267156377434731e-03
9.893475770950317383e-01
2.176436362788081169e-03
2.946653217077255249e-02
1.000000000000000000e+00
8.603423237800598145e-01
8.078024983406066895e-01
9.681031107902526855e-01
9.918746352195739746e-01
9.988906383514404297e-01
9.919955730438232422e-01
1.892290543764829636e-03
2.298649400472640991e-01
9.920802116394042969e-01
9.898523688316345215e-01
9.973520040512084961e-01
3.669713623821735382e-03
0.000000000000000000e+00
9.812161326408386230e-01
2.309440867975354195e-03
9.920318126678466797e-01
7.439664602279663086e-01
9.923159480094909668e-01
7.096391916275024414e-02
3.627394034992903471e-04
9.488658607006072998e-02
1.686738221906125546e-03
5.199264851398766041e-04
1.499776244163513184e-01
9.922978281974792480e-01
9.881505370140075684e-01
9.458037018775939941e-01
3.681804984807968140e-03
9.578013420104980469e-01
2.425396591424942017e-01
1.160766114480793476e-03
8.610828965902328491e-02
9.589288234710693359e-01
1.012738198041915894e-01
9.711017608642578125e-01
2.061568899080157280e-03
2.499879105016589165e-03
9.918988347053527832e-01
9.892085194587707520e-01
9.898523688316345215e-01
2.309440867975354195e-03
9.207837283611297607e-02
2.388034481555223465e-03
8.479093909263610840e-01
