5.208333209156990051e-02
4.166666790843009949e-02
5.208333209156990051e-02
1.979166716337203979e-01
6.875000000000000000e-01
8.958333134651184082e-01
9.791666865348815918e-01
9.791666865348815918e-01
9.791666865348815918e-01
1.770833283662796021e-01
1.354166716337203979e-01
7.708333134651184082e-01
8.437500000000000000e-01
9.375000000000000000e-01
1.979166716337203979e-01
8.541666865348815918e-01
7.291666865348815918e-01
5.312500000000000000e-01
5.312500000000000000e-01
4.166666790843009949e-02
4.166666790843009949e-02
7.708333134651184082e-01
6.145833134651184082e-01
9.687500000000000000e-01
9.791666865348815918e-01
5.833333134651184082e-01
9.062500000000000000e-01
5.833333134651184082e-01
4.166666790843009949e-02
4.166666790843009949e-02
7.395833134651184082e-01
2.604166567325592041e-01
5.208333209156990051e-02
5.208333209156990051e-02
9.895833134651184082e-01
9.479166865348815918e-01
1.770833283662796021e-01
2.083333395421504974e-02
7.083333134651184082e-01
2.083333395421504974e-02
2.083333395421504974e-02
5.625000000000000000e-01
9.687500000000000000e-01
3.125000000000000000e-01
1.979166716337203979e-01
9.687500000000000000e-01
9.791666865348815918e-01
9.166666865348815918e-01
1.979166716337203979e-01
7.812500000000000000e-01
9.375000000000000000e-02
1.000000000000000000e+00
4.687500000000000000e-01
4.166666790843009949e-02
8.750000000000000000e-01
8.541666865348815918e-01
5.312500000000000000e-01
5.833333134651184082e-01
9.270833134651184082e-01
1.000000000000000000e+00
9.895833134651184082e-01
5.208333209156990051e-02
2.083333395421504974e-02
9.895833134651184082e-01
9.166666865348815918e-01
9.479166865348815918e-01
1.562500000000000000e-01
1.562500000000000000e-01
8.750000000000000000e-01
1.979166716337203979e-01
9.791666865348815918e-01
7.291666865348815918e-01
4.062500000000000000e-01
5.104166865348815918e-01
0.000000000000000000e+00
5.104166865348815918e-01
4.166666790843009949e-02
4.166666790843009949e-02
2.083333283662796021e-01
9.687500000000000000e-01
9.375000000000000000e-01
9.895833134651184082e-01
1.979166716337203979e-01
9.479166865348815918e-01
2.291666716337203979e-01
5.208333134651184082e-01
4.166666790843009949e-02
8.541666865348815918e-01
5.729166865348815918e-01
9.791666865348815918e-01
6.041666865348815918e-01
6.041666865348815918e-01
1.000000000000000000e+00
8.958333134651184082e-01
9.166666865348815918e-01
1.979166716337203979e-01
5.208333209156990051e-02
9.375000000000000000e-02
3.125000000000000000e-01
