4.668374657630920410e-01
2.620979249477386475e-01
5.273270606994628906e-02
0.000000000000000000e+00
1.966268122196197510e-01
5.502419471740722656e-01
5.848989486694335938e-01
5.848989486694335938e-01
5.848989486694335938e-01
8.986620903015136719e-01
8.921861648559570312e-01
9.733845591545104980e-01
5.087531805038452148e-01
9.666951298713684082e-01
0.000000000000000000e+00
9.401508569717407227e-01
9.784372448921203613e-01
3.049387931823730469e-01
3.049387931823730469e-01
1.187019646167755127e-01
1.187731251120567322e-01
9.733845591545104980e-01
8.822943568229675293e-01
9.540278911590576172e-01
5.848989486694335938e-01
4.806433320045471191e-01
9.868345856666564941e-01
4.806433320045471191e-01
2.620979249477386475e-01
2.620979249477386475e-01
9.784372448921203613e-01
5.550811439752578735e-02
5.273270606994628906e-02
5.266154184937477112e-02
2.907771170139312744e-01
6.585539579391479492e-01
8.986620903015136719e-01
7.913464307785034180e-02
8.822231888771057129e-01
7.913464307785034180e-02
7.913464307785034180e-02
1.000000000000000000e+00
9.459151625633239746e-01
7.237403839826583862e-02
0.000000000000000000e+00
9.459151625633239746e-01
5.848989486694335938e-01
8.920438289642333984e-01
0.000000000000000000e+00
5.427697300910949707e-01
4.780102372169494629e-01
5.260460972785949707e-01
9.725306034088134766e-01
1.187731251120567322e-01
3.561058938503265381e-01
8.541844487190246582e-01
3.049387931823730469e-01
4.805721640586853027e-01
7.553372979164123535e-01
6.500853896141052246e-01
9.165243506431579590e-01
5.273270606994628906e-02
7.906347513198852539e-02
9.090520739555358887e-01
8.920438289642333984e-01
6.585539579391479492e-01
8.966695070266723633e-01
8.966695070266723633e-01
3.561058938503265381e-01
0.000000000000000000e+00
5.848989486694335938e-01
9.784372448921203613e-01
6.447480618953704834e-02
3.551807701587677002e-01
3.479931503534317017e-02
3.551807701587677002e-01
1.187019646167755127e-01
1.187731251120567322e-01
8.209507465362548828e-01
9.383717775344848633e-01
9.666951298713684082e-01
9.170936346054077148e-01
0.000000000000000000e+00
6.584116220474243164e-01
1.010532304644584656e-02
9.992883801460266113e-01
1.187731251120567322e-01
8.541844487190246582e-01
9.997153282165527344e-01
5.848989486694335938e-01
4.747366905212402344e-01
4.747366905212402344e-01
6.500853896141052246e-01
5.502419471740722656e-01
8.920438289642333984e-01
0.000000000000000000e+00
4.668374657630920410e-01
4.780102372169494629e-01
7.237403839826583862e-02
