0.000000000000000000e+00
8.108107745647430420e-02
2.871621549129486084e-01
7.263513803482055664e-01
5.979729890823364258e-01
6.148648858070373535e-01
7.533783912658691406e-01
7.533783912658691406e-01
7.533783912658691406e-01
9.729729890823364258e-01
9.695945978164672852e-01
8.952702879905700684e-01
5.945945978164672852e-01
5.337837934494018555e-01
7.263513803482055664e-01
9.898648858070373535e-01
9.831081032752990723e-01
2.364864796400070190e-01
2.364864796400070190e-01
3.378378460183739662e-03
3.378378460183739662e-03
8.952702879905700684e-01
6.722972989082336426e-01
6.925675868988037109e-01
7.533783912658691406e-01
4.121621549129486084e-01
9.898648858070373535e-01
4.121621549129486084e-01
8.108107745647430420e-02
8.108107745647430420e-02
9.831081032752990723e-01
6.993243098258972168e-01
2.871621549129486084e-01
2.871621549129486084e-01
6.824324131011962891e-01
6.959459185600280762e-01
9.729729890823364258e-01
3.378378460183739662e-03
6.790540814399719238e-01
3.378378460183739662e-03
3.378378460183739662e-03
8.783783912658691406e-01
3.648648560047149658e-01
6.722972989082336426e-01
7.263513803482055664e-01
3.648648560047149658e-01
7.533783912658691406e-01
9.831081032752990723e-01
7.263513803482055664e-01
3.682432472705841064e-01
3.378378460183739662e-03
6.013513803482055664e-01
9.189189076423645020e-01
3.378378460183739662e-03
7.229729890823364258e-01
9.797297120094299316e-01
2.364864796400070190e-01
4.121621549129486084e-01
5.574324131011962891e-01
6.385135054588317871e-01
6.689189076423645020e-01
2.871621549129486084e-01
3.378378460183739662e-03
3.412162065505981445e-01
9.831081032752990723e-01
6.959459185600280762e-01
9.662162065505981445e-01
9.662162065505981445e-01
7.229729890823364258e-01
7.263513803482055664e-01
7.533783912658691406e-01
9.831081032752990723e-01
7.398648858070373535e-01
4.256756901741027832e-01
7.094594836235046387e-02
4.256756901741027832e-01
3.378378460183739662e-03
3.378378460183739662e-03
9.763513803482055664e-01
4.189189076423645020e-01
5.337837934494018555e-01
1.000000000000000000e+00
7.263513803482055664e-01
6.959459185600280762e-01
7.027027010917663574e-01
8.648648858070373535e-01
3.378378460183739662e-03
9.797297120094299316e-01
8.783783912658691406e-01
7.533783912658691406e-01
5.979729890823364258e-01
5.979729890823364258e-01
6.385135054588317871e-01
6.148648858070373535e-01
9.831081032752990723e-01
7.263513803482055664e-01
0.000000000000000000e+00
3.378378460183739662e-03
6.722972989082336426e-01
