2.171204239130020142e-02
7.713683880865573883e-04
8.504830766469240189e-04
6.012717727571725845e-03
5.484577417373657227e-01
9.765622615814208984e-01
6.517271995544433594e-01
6.517271995544433594e-01
6.517271995544433594e-01
4.628210328519344330e-03
6.358844693750143051e-03
6.405571699142456055e-01
4.938636720180511475e-01
8.624640107154846191e-01
6.012717727571725845e-03
3.828162699937820435e-02
1.677083373069763184e-01
3.221847414970397949e-01
3.221847414970397949e-01
0.000000000000000000e+00
0.000000000000000000e+00
6.405571699142456055e-01
9.179432392120361328e-01
9.600322246551513672e-01
6.517271995544433594e-01
7.122943997383117676e-01
3.353276848793029785e-01
7.122943997383117676e-01
7.713683880865573883e-04
7.664237054996192455e-04
1.677132844924926758e-01
3.050811290740966797e-01
8.455384522676467896e-04
8.504830766469240189e-04
6.339560151100158691e-01
9.700056314468383789e-01
4.628210328519344330e-03
8.302099071443080902e-03
1.000000000000000000e+00
8.302099071443080902e-03
8.302099071443080902e-03
1.206301450729370117e-01
9.831089973449707031e-01
4.945262372493743896e-01
6.012717727571725845e-03
9.831089973449707031e-01
6.517271995544433594e-01
9.948229193687438965e-01
6.012717727571725845e-03
3.012341856956481934e-01
4.079352132976055145e-03
8.383488655090332031e-01
1.810540109872817993e-01
0.000000000000000000e+00
9.748167991638183594e-01
9.635379910469055176e-01
3.221847414970397949e-01
7.123042941093444824e-01
9.998763799667358398e-01
9.993423819541931152e-01
9.890969991683959961e-01
8.504830766469240189e-04
8.302099071443080902e-03
9.967859387397766113e-01
9.948278665542602539e-01
9.700105786323547363e-01
1.433954021194949746e-04
1.433954021194949746e-04
9.748167991638183594e-01
6.012717727571725845e-03
6.517271995544433594e-01
1.677083373069763184e-01
7.138618826866149902e-02
9.748613238334655762e-01
6.118978857994079590e-01
9.748761653900146484e-01
0.000000000000000000e+00
0.000000000000000000e+00
2.208041995763778687e-01
9.933840036392211914e-01
8.624689579010009766e-01
8.582165837287902832e-01
6.012717727571725845e-03
9.700155258178710938e-01
1.543379575014114380e-01
9.453713148832321167e-02
0.000000000000000000e+00
9.635379910469055176e-01
1.440629363059997559e-01
6.517271995544433594e-01
8.481492400169372559e-01
8.481492400169372559e-01
9.993423819541931152e-01
9.765622615814208984e-01
9.948278665542602539e-01
6.012717727571725845e-03
2.171204239130020142e-02
4.079352132976055145e-03
4.945262372493743896e-01
