8.079873397946357727e-03
4.726768936961889267e-03
1.458643376827239990e-02
2.214926294982433319e-03
9.844409227371215820e-01
9.928535223007202148e-01
9.523603320121765137e-01
9.852702021598815918e-01
9.869800806045532227e-01
2.136653065681457520e-01
1.832689391449093819e-03
9.994164109230041504e-01
4.926368296146392822e-01
9.756972193717956543e-01
1.900946022942662239e-03
3.776568770408630371e-01
4.367346763610839844e-01
8.922296762466430664e-01
8.659918308258056641e-01
5.849589593708515167e-03
5.337665323168039322e-03
9.967134594917297363e-01
9.973431229591369629e-01
9.937511086463928223e-01
9.373489618301391602e-01
9.759839177131652832e-01
9.127612709999084473e-01
9.848368167877197266e-01
1.037500216625630856e-03
1.633892208337783813e-02
6.092122793197631836e-01
8.798752427101135254e-01
6.626690924167633057e-02
1.279128529131412506e-02
9.247641563415527344e-01
9.802089929580688477e-01
8.204783499240875244e-02
1.487993635237216949e-03
9.882598519325256348e-01
3.481086110696196556e-03
3.481086110696196556e-03
4.136690497398376465e-02
9.897291064262390137e-01
5.824283361434936523e-01
1.167290061712265015e-01
9.885482788085937500e-01
9.897512793540954590e-01
9.888724684715270996e-01
2.965748775750398636e-03
2.759272754192352295e-01
3.791653551161289215e-03
9.925395250320434570e-01
2.617640187963843346e-03
1.631332561373710632e-03
1.000000000000000000e+00
6.552222967147827148e-01
7.271681427955627441e-01
9.839136004447937012e-01
9.953824281692504883e-01
9.976519942283630371e-01
9.957407712936401367e-01
1.726891729049384594e-03
2.445462942123413086e-01
9.935838580131530762e-01
9.888707399368286133e-01
9.930941462516784668e-01
6.218175403773784637e-03
0.000000000000000000e+00
9.848726391792297363e-01
2.214926294982433319e-03
9.897512793540954590e-01
7.003672122955322266e-01
9.914764761924743652e-01
1.991386059671640396e-03
5.424692295491695404e-03
2.603647671639919281e-02
5.835938267409801483e-03
3.556168405339121819e-03
2.765006124973297119e-01
9.925975799560546875e-01
9.881506562232971191e-01
8.646915555000305176e-01
5.105592776089906693e-03
9.565035104751586914e-01
3.435695469379425049e-01
7.644738070666790009e-04
4.641448147594928741e-03
9.042087197303771973e-01
3.620414733886718750e-01
9.852702021598815918e-01
5.544141400605440140e-03
1.805386855266988277e-03
9.908553361892700195e-01
9.970411062240600586e-01
9.888707399368286133e-01
2.214926294982433319e-03
6.663549691438674927e-03
3.919634502381086349e-03
5.808055400848388672e-01
