7.717948756180703640e-04
2.546315314248204231e-03
2.177129872143268585e-02
2.078376710414886475e-03
9.373934864997863770e-01
9.881222844123840332e-01
9.920693635940551758e-01
9.710090756416320801e-01
9.888089895248413086e-01
8.125115931034088135e-02
2.087492262944579124e-03
9.989213347434997559e-01
6.841140985488891602e-01
9.901095032691955566e-01
2.084453823044896126e-03
5.330914855003356934e-01
4.614239335060119629e-01
9.237594604492187500e-01
9.053761363029479980e-01
2.749898936599493027e-03
2.084453823044896126e-03
9.961926937103271484e-01
9.906989336013793945e-01
9.934427738189697266e-01
9.821940064430236816e-01
9.909754991531372070e-01
9.534370899200439453e-01
9.918232560157775879e-01
4.010902484878897667e-04
3.184413304552435875e-03
6.579155921936035156e-01
9.915922880172729492e-01
2.114839386194944382e-03
2.850171411409974098e-03
9.371655583381652832e-01
9.905105829238891602e-01
4.364591091871261597e-02
2.005451126024127007e-03
9.920420050621032715e-01
2.540238201618194580e-03
2.540238201618194580e-03
4.603422246873378754e-03
9.904832243919372559e-01
7.843076586723327637e-01
1.043806970119476318e-01
9.905652403831481934e-01
9.920420050621032715e-01
9.900608658790588379e-01
1.458509941585361958e-04
3.403402566909790039e-01
2.099646721035242081e-03
9.900730252265930176e-01
2.090530935674905777e-03
3.037043102085590363e-02
1.000000000000000000e+00
8.645591139793395996e-01
8.081056475639343262e-01
9.691677093505859375e-01
9.920389652252197266e-01
9.989182949066162109e-01
9.920480847358703613e-01
2.069260925054550171e-03
2.287794351577758789e-01
9.920541644096374512e-01
9.900669455528259277e-01
9.973351955413818359e-01
2.898788545280694962e-03
0.000000000000000000e+00
9.812551140785217285e-01
2.078376710414886475e-03
9.920420050621032715e-01
7.458273172378540039e-01
9.920450448989868164e-01
7.236640155315399170e-02
5.165556212887167931e-04
9.570255875587463379e-02
2.072299597784876823e-03
5.378255154937505722e-04
1.492116451263427734e-01
9.920480847358703613e-01
9.888636469841003418e-01
9.476182460784912109e-01
2.616202225908637047e-03
9.576880335807800293e-01
2.397972643375396729e-01
1.145538059063255787e-03
8.569961041212081909e-02
9.614558219909667969e-01
1.015973687171936035e-01
9.710090756416320801e-01
2.087492262944579124e-03
2.093569375574588776e-03
9.920359253883361816e-01
9.897661209106445312e-01
9.900669455528259277e-01
2.078376710414886475e-03
9.125106781721115112e-02
2.102685160934925079e-03
8.491323590278625488e-01
