9.929963946342468262e-01
9.929804205894470215e-01
9.929855465888977051e-01
9.929615855216979980e-01
9.927845001220703125e-01
9.929866194725036621e-01
9.929702877998352051e-01
9.927467703819274902e-01
9.929847717285156250e-01
9.927510023117065430e-01
9.929808378219604492e-01
9.929862618446350098e-01
9.929955601692199707e-01
9.929971098899841309e-01
9.929904937744140625e-01
9.929854273796081543e-01
9.930014610290527344e-01
9.929863810539245605e-01
9.929768443107604980e-01
9.929794669151306152e-01
9.929827451705932617e-01
9.929649829864501953e-01
9.929814338684082031e-01
9.929816722869873047e-01
9.929814338684082031e-01
9.929829835891723633e-01
9.929736852645874023e-01
9.929814338684082031e-01
9.929942488670349121e-01
9.929826259613037109e-01
9.929816722869873047e-01
9.929856657981872559e-01
9.929815530776977539e-01
9.929952025413513184e-01
9.929851889610290527e-01
9.929840564727783203e-01
9.929873347282409668e-01
9.929873347282409668e-01
9.930036664009094238e-01
9.929902553558349609e-01
9.929884076118469238e-01
9.929850697517395020e-01
9.929817914962768555e-01
9.929974079132080078e-01
9.929805397987365723e-01
9.929841756820678711e-01
9.930008649826049805e-01
9.929997920989990234e-01
9.930011034011840820e-01
9.929861426353454590e-01
9.929971098899841309e-01
9.929855465888977051e-01
9.929912090301513672e-01
9.929977655410766602e-01
9.929791092872619629e-01
9.929827451705932617e-01
9.929856657981872559e-01
9.929853081703186035e-01
9.929850697517395020e-01
9.929846525192260742e-01
9.929807186126708984e-01
9.929855465888977051e-01
9.929907321929931641e-01
9.929860234260559082e-01
9.929840564727783203e-01
9.929831027984619141e-01
9.929851889610290527e-01
9.929887652397155762e-01
9.929807186126708984e-01
9.929840564727783203e-01
9.929847717285156250e-01
9.929854273796081543e-01
9.929885268211364746e-01
9.929875731468200684e-01
9.929936528205871582e-01
9.929840564727783203e-01
9.929844141006469727e-01
9.929863810539245605e-01
9.929807186126708984e-01
9.929855465888977051e-01
9.929850697517395020e-01
9.929948449134826660e-01
9.929848313331604004e-01
9.929854273796081543e-01
9.929842948913574219e-01
9.929822683334350586e-01
9.929814338684082031e-01
9.929833412170410156e-01
9.929859042167663574e-01
9.929851889610290527e-01
9.930077791213989258e-01
9.929965138435363770e-01
9.929888844490051270e-01
9.929866194725036621e-01
9.929862618446350098e-01
9.929851889610290527e-01
9.929842948913574219e-01
9.929851889610290527e-01
9.929855465888977051e-01
9.929856657981872559e-01
9.929849505424499512e-01
9.929867386817932129e-01
9.929841756820678711e-01
9.929860234260559082e-01
9.929897785186767578e-01
9.929857850074768066e-01
9.929872155189514160e-01
9.929847717285156250e-01
9.929867386817932129e-01
9.929897785186767578e-01
9.929952025413513184e-01
9.929952025413513184e-01
9.929902553558349609e-01
9.929865002632141113e-01
9.929861426353454590e-01
9.929874539375305176e-01
9.929902553558349609e-01
9.929827451705932617e-01
9.929860234260559082e-01
9.929900169372558594e-01
9.929826259613037109e-01
9.929851889610290527e-01
9.929844141006469727e-01
9.929847717285156250e-01
9.929845333099365234e-01
9.929847717285156250e-01
9.929854273796081543e-01
9.929888844490051270e-01
9.929878115653991699e-01
9.929846525192260742e-01
9.929869771003723145e-01
9.929942488670349121e-01
9.929827451705932617e-01
9.929946064949035645e-01
9.929868578910827637e-01
9.929874539375305176e-01
9.929821491241455078e-01
9.929931759834289551e-01
9.929928779602050781e-01
9.929846525192260742e-01
9.929846525192260742e-01
9.929838180541992188e-01
9.929857850074768066e-01
9.929868578910827637e-01
9.929846525192260742e-01
9.929857850074768066e-01
9.929862618446350098e-01
9.929854273796081543e-01
9.929936528205871582e-01
9.929870963096618652e-01
9.929845333099365234e-01
9.929874539375305176e-01
9.929856657981872559e-01
9.929870963096618652e-01
9.929861426353454590e-01
9.929851889610290527e-01
9.929861426353454590e-01
9.929857850074768066e-01
9.929846525192260742e-01
9.929855465888977051e-01
9.929861426353454590e-01
9.929875731468200684e-01
9.929850697517395020e-01
9.929839372634887695e-01
9.929833412170410156e-01
9.929886460304260254e-01
9.929851889610290527e-01
9.929847717285156250e-01
9.929836988449096680e-01
9.929845333099365234e-01
9.929831027984619141e-01
9.929859042167663574e-01
9.929825067520141602e-01
9.929844141006469727e-01
9.929809570312500000e-01
9.929815530776977539e-01
9.929846525192260742e-01
9.929875731468200684e-01
9.929838180541992188e-01
9.929873347282409668e-01
9.929836988449096680e-01
9.929860234260559082e-01
9.929844141006469727e-01
9.929845333099365234e-01
9.929823875427246094e-01
9.929836988449096680e-01
9.929823875427246094e-01
9.929798245429992676e-01
9.929844141006469727e-01
9.929849505424499512e-01
9.929838180541992188e-01
9.929828643798828125e-01
9.929823875427246094e-01
9.929841756820678711e-01
9.929850697517395020e-01
9.929839372634887695e-01
9.929826259613037109e-01
9.929859042167663574e-01
9.929849505424499512e-01
9.929861426353454590e-01
9.929857850074768066e-01
9.929840564727783203e-01
9.929850697517395020e-01
9.929825067520141602e-01
9.929847717285156250e-01
9.929882884025573730e-01
9.930000305175781250e-01
9.929844141006469727e-01
9.929866194725036621e-01
9.929848313331604004e-01
9.929848313331604004e-01
9.929888844490051270e-01
9.929795861244201660e-01
9.930061101913452148e-01
9.929861426353454590e-01
9.929863810539245605e-01
9.929789900779724121e-01
9.929859042167663574e-01
9.929895401000976562e-01
9.929787516593933105e-01
9.929815530776977539e-01
9.929875731468200684e-01
9.930298924446105957e-01
9.929855465888977051e-01
9.929846525192260742e-01
9.929825067520141602e-01
9.929848313331604004e-01
9.929857850074768066e-01
9.929835796356201172e-01
9.930016398429870605e-01
9.929878115653991699e-01
9.929891824722290039e-01
9.930013418197631836e-01
9.929831027984619141e-01
9.929862618446350098e-01
9.929838180541992188e-01
9.929853081703186035e-01
9.929882884025573730e-01
9.927621483802795410e-01
9.930064678192138672e-01
9.929799437522888184e-01
9.929856657981872559e-01
9.929938912391662598e-01
9.929856657981872559e-01
9.930036664009094238e-01
9.930042624473571777e-01
9.929872155189514160e-01
9.929869771003723145e-01
9.929872155189514160e-01
9.930012226104736328e-01
9.930005073547363281e-01
9.929922819137573242e-01
9.930016398429870605e-01
9.929950833320617676e-01
9.929863810539245605e-01
9.929886460304260254e-01
9.929912090301513672e-01
9.929809570312500000e-01
9.929894208908081055e-01
9.929856657981872559e-01
9.929947257041931152e-01
9.929862618446350098e-01
9.929894208908081055e-01
9.929875731468200684e-01
9.929817914962768555e-01
9.930023550987243652e-01
9.930029511451721191e-01
9.929857850074768066e-01
9.929842948913574219e-01
9.930016398429870605e-01
9.929994344711303711e-01
9.929960370063781738e-01
9.929863810539245605e-01
9.929844141006469727e-01
9.929896593093872070e-01
9.929851889610290527e-01
9.929847717285156250e-01
9.929872155189514160e-01
9.929822683334350586e-01
9.929873347282409668e-01
9.929885268211364746e-01
9.929884076118469238e-01
9.930034279823303223e-01
9.930002689361572266e-01
9.927766323089599609e-01
9.930108189582824707e-01
9.929922819137573242e-01
9.930031895637512207e-01
9.929982423782348633e-01
9.929954409599304199e-01
9.929977655410766602e-01
9.927606582641601562e-01
9.929961562156677246e-01
9.929887652397155762e-01
9.929956793785095215e-01
9.929941296577453613e-01
9.929953217506408691e-01
9.929963946342468262e-01
9.929957985877990723e-01
9.929940104484558105e-01
9.929972290992736816e-01
9.929902553558349609e-01
9.929961562156677246e-01
9.929976463317871094e-01
9.930006265640258789e-01
9.929936528205871582e-01
9.929880499839782715e-01
9.929965138435363770e-01
9.929894208908081055e-01
9.930090904235839844e-01
9.929841756820678711e-01
9.930023550987243652e-01
9.930002689361572266e-01
9.930030703544616699e-01
9.930027127265930176e-01
9.930102229118347168e-01
9.930002689361572266e-01
9.929995536804199219e-01
9.929971098899841309e-01
9.929963946342468262e-01
9.929963946342468262e-01
9.929854273796081543e-01
9.929944872856140137e-01
9.929913282394409180e-01
9.930487871170043945e-01
9.929836988449096680e-01
9.929912090301513672e-01
9.929991960525512695e-01
9.934331178665161133e-01
9.929969906806945801e-01
9.929935336112976074e-01
9.929607510566711426e-01
9.929723739624023438e-01
9.930008649826049805e-01
9.929928779602050781e-01
9.929986000061035156e-01
9.929915666580200195e-01
9.929853081703186035e-01
9.929929971694946289e-01
9.929931759834289551e-01
9.929874539375305176e-01
9.929848313331604004e-01
9.929847717285156250e-01
9.929808378219604492e-01
9.929996728897094727e-01
9.929986000061035156e-01
9.929855465888977051e-01
9.929981231689453125e-01
9.929865002632141113e-01
9.929937720298767090e-01
9.929878115653991699e-01
9.927604198455810547e-01
9.929984807968139648e-01
9.927619099617004395e-01
9.929952025413513184e-01
9.929845333099365234e-01
9.929834604263305664e-01
9.929865002632141113e-01
9.929875731468200684e-01
9.929902553558349609e-01
9.929775595664978027e-01
9.929931163787841797e-01
9.929779171943664551e-01
9.929869771003723145e-01
9.929856657981872559e-01
9.930049777030944824e-01
9.929887652397155762e-01
9.929844141006469727e-01
9.929895401000976562e-01
9.929903745651245117e-01
9.929829835891723633e-01
9.929906129837036133e-01
9.929860234260559082e-01
9.929910898208618164e-01
9.929863810539245605e-01
9.929935336112976074e-01
9.929902553558349609e-01
9.929935336112976074e-01
9.929893016815185547e-01
9.930029511451721191e-01
9.929922819137573242e-01
9.929914474487304688e-01
9.929929971694946289e-01
9.929908514022827148e-01
9.929833412170410156e-01
9.929878115653991699e-01
9.929982423782348633e-01
9.929853081703186035e-01
9.929821491241455078e-01
9.929888844490051270e-01
9.929885268211364746e-01
9.929963946342468262e-01
9.929950833320617676e-01
9.929844141006469727e-01
9.929888844490051270e-01
9.929942488670349121e-01
9.929832220077514648e-01
9.929991960525512695e-01
9.929879307746887207e-01
9.929927587509155273e-01
9.929845333099365234e-01
9.929946064949035645e-01
9.929860234260559082e-01
9.929860234260559082e-01
9.929862618446350098e-01
9.929862618446350098e-01
9.929856657981872559e-01
9.929868578910827637e-01
9.929938912391662598e-01
9.929866194725036621e-01
9.929794669151306152e-01
9.930018782615661621e-01
9.929805994033813477e-01
9.927780032157897949e-01
9.927773475646972656e-01
9.930058121681213379e-01
9.929997920989990234e-01
9.930021166801452637e-01
9.929863810539245605e-01
9.930003881454467773e-01
9.927781224250793457e-01
9.930062294006347656e-01
9.929920434951782227e-01
9.929907321929931641e-01
9.929846525192260742e-01
9.929987192153930664e-01
9.930018782615661621e-01
9.929834604263305664e-01
9.927650094032287598e-01
9.927672147750854492e-01
9.927805066108703613e-01
9.929909706115722656e-01
9.929855465888977051e-01
9.929875731468200684e-01
9.929988384246826172e-01
9.929829835891723633e-01
9.929947257041931152e-01
9.929889440536499023e-01
9.929898977279663086e-01
9.929913282394409180e-01
9.929924011230468750e-01
9.929907321929931641e-01
9.929961562156677246e-01
9.929890632629394531e-01
9.929902553558349609e-01
9.927659034729003906e-01
9.929859042167663574e-01
9.929887652397155762e-01
9.929873347282409668e-01
9.929894208908081055e-01
