99
174
21
235
52
329
85
141
352
373
30
6
315
446
119
355
348
43
261
267
65
114
79
145
372
363
110
191
443
260
402
392
106
125
226
211
133
424
421
103
200
408
113
323
50
386
214
251
239
49
95
377
301
396
310
287
438
416
255
259
431
63
151
273
354
345
319
398
209
100
169
162
120
284
318
327
46
91
430
135
60
375
382
128
249
88
0
262
198
187
189
40
224
370
423
414
171
264
97
253
380
225
10
435
149
22
18
288
76
92
276
328
334
246
155
150
83
344
202
80
391
126
237
231
218
366
302
17
168
439
322
96
433
233
59
258
35
230
356
268
241
243
122
54
349
277
324
440
298
138
159
163
299
73
263
107
384
291
148
58
374
137
78
210
309
55
175
26
346
286
104
275
4
165
213
289
180
397
351
290
303
121
173
313
223
123
441
16
101
2
61
448
314
306
81
53
48
245
405
407
196
201
216
69
1
42
177
82
367
44
9
176
195
280
442
77
358
432
146
115
12
436
294
378
118
248
7
447
87
23
393
129
269
252
295
36
37
266
38
281
293
33
333
388
342
185
307
178
170
71
359
182
362
247
89
413
132
62
316
365
147
86
381
390
394
272
254
357
236
116
8
102
84
376
383
56
144
47
14
422
385
124
300
39
406
336
304
220
232
172
184
279
278
203
238
194
222
389
93
66
74
205
308
343
193
353
127
274
31
164
98
364
340
361
64
109
282
244
409
404
229
330
190
331
347
341
415
57
427
368
156
199
90
197
227
207
429
41
360
221
419
27
338
312
20
68
108
158
140
139
143
217
434
134
337
206
325
417
204
15
192
183
166
45
3
428
256
320
445
188
420
411
34
28
167
208
161
131
292
401
117
19
105
112
242
410
418
425
332
5
70
234
257
212
219
94
321
153
311
75
437
179
215
339
305
426
297
395
11
350
24
25
283
240
186
444
181
296
72
142
271
51
412
379
369
449
399
387
400
154
228
157
111
265
335
13
136
152
250
285
403
317
32
270
130
371
160
29
67
326
