9.944795370101928711e-01
9.944792985916137695e-01
9.944804906845092773e-01
9.944791793823242188e-01
9.944816827774047852e-01
9.944750666618347168e-01
9.944723248481750488e-01
9.944784641265869141e-01
9.944756627082824707e-01
9.944854378700256348e-01
9.944754242897033691e-01
9.944789409637451172e-01
9.944831728935241699e-01
9.944743514060974121e-01
9.944788217544555664e-01
9.944827556610107422e-01
9.944801330566406250e-01
9.944819211959838867e-01
9.944836497306823730e-01
9.944721460342407227e-01
9.944753050804138184e-01
9.944810867309570312e-01
9.944787025451660156e-01
9.944804906845092773e-01
9.944798946380615234e-01
9.944803714752197266e-01
9.944724440574645996e-01
9.944697618484497070e-01
9.944772124290466309e-01
9.944802522659301758e-01
9.944816827774047852e-01
9.944818019866943359e-01
9.944809675216674805e-01
9.944802522659301758e-01
9.944760203361511230e-01
9.944797754287719727e-01
9.944778680801391602e-01
9.944778680801391602e-01
9.944764971733093262e-01
9.944754242897033691e-01
9.944761395454406738e-01
9.944763779640197754e-01
9.944792985916137695e-01
9.944878220558166504e-01
9.944719076156616211e-01
9.944778680801391602e-01
9.944882988929748535e-01
9.944790601730346680e-01
9.944751858711242676e-01
9.944768548011779785e-01
9.944762587547302246e-01
9.944798946380615234e-01
9.944796562194824219e-01
9.944779872894287109e-01
9.944804906845092773e-01
9.944802522659301758e-01
9.944784641265869141e-01
9.944782257080078125e-01
9.944801330566406250e-01
9.944808483123779297e-01
9.944801330566406250e-01
9.944797754287719727e-01
9.944853186607360840e-01
9.944791793823242188e-01
9.944813251495361328e-01
9.944796562194824219e-01
9.944798946380615234e-01
9.944784641265869141e-01
9.944842457771301270e-01
9.944801330566406250e-01
9.944807291030883789e-01
9.944804906845092773e-01
9.944800138473510742e-01
9.944804906845092773e-01
9.944808483123779297e-01
9.944798946380615234e-01
9.944798946380615234e-01
9.944790601730346680e-01
9.944779872894287109e-01
9.944801330566406250e-01
9.944770932197570801e-01
9.944797754287719727e-01
9.944772124290466309e-01
9.944785833358764648e-01
9.944806098937988281e-01
9.944787025451660156e-01
9.944782257080078125e-01
9.944777488708496094e-01
9.944813251495361328e-01
9.944796562194824219e-01
9.944867491722106934e-01
9.944801330566406250e-01
9.944826364517211914e-01
9.944797754287719727e-01
9.944808483123779297e-01
9.944801330566406250e-01
9.944795370101928711e-01
9.944798946380615234e-01
9.944809675216674805e-01
9.944810867309570312e-01
9.944791793823242188e-01
9.944806098937988281e-01
9.944789409637451172e-01
9.944800138473510742e-01
9.944730401039123535e-01
9.944798946380615234e-01
9.944802522659301758e-01
9.944798946380615234e-01
9.944774508476257324e-01
9.944755434989929199e-01
9.944754242897033691e-01
9.944781064987182617e-01
9.944820404052734375e-01
9.944802522659301758e-01
9.944796562194824219e-01
9.944802522659301758e-01
9.944820404052734375e-01
9.944796562194824219e-01
9.944750666618347168e-01
9.944797754287719727e-01
9.944791793823242188e-01
9.944800138473510742e-01
9.944795370101928711e-01
9.944796562194824219e-01
9.944794178009033203e-01
9.944801330566406250e-01
9.944792985916137695e-01
9.944832921028137207e-01
9.944788217544555664e-01
9.944801330566406250e-01
9.944801330566406250e-01
9.944769740104675293e-01
9.944782257080078125e-01
9.944769740104675293e-01
9.944785833358764648e-01
9.944788217544555664e-01
9.944761395454406738e-01
9.944820404052734375e-01
9.944768548011779785e-01
9.944809675216674805e-01
9.944809675216674805e-01
9.944773316383361816e-01
9.944792985916137695e-01
9.944788217544555664e-01
9.944815635681152344e-01
9.944788217544555664e-01
9.944806098937988281e-01
9.944790601730346680e-01
9.944796562194824219e-01
9.944809675216674805e-01
9.944806098937988281e-01
9.944788217544555664e-01
9.944790601730346680e-01
9.944795370101928711e-01
9.944788217544555664e-01
9.944794178009033203e-01
9.944806098937988281e-01
9.944788217544555664e-01
9.944809675216674805e-01
9.944791793823242188e-01
9.944804906845092773e-01
9.944787025451660156e-01
9.944803714752197266e-01
9.944755434989929199e-01
9.944761395454406738e-01
9.944721460342407227e-01
9.944767355918884277e-01
9.944764971733093262e-01
9.944761395454406738e-01
9.944751858711242676e-01
9.944772124290466309e-01
9.944767355918884277e-01
9.944768548011779785e-01
9.944755434989929199e-01
9.944757819175720215e-01
9.944760203361511230e-01
9.944763779640197754e-01
9.944768548011779785e-01
9.944754242897033691e-01
9.944768548011779785e-01
9.944744706153869629e-01
9.944762587547302246e-01
9.944761395454406738e-01
9.944764971733093262e-01
9.944756627082824707e-01
9.944766163825988770e-01
9.944749474525451660e-01
9.944806098937988281e-01
9.944760203361511230e-01
9.944801330566406250e-01
9.944797754287719727e-01
9.944772124290466309e-01
9.944782257080078125e-01
9.944785833358764648e-01
9.944785833358764648e-01
9.944777488708496094e-01
9.944757819175720215e-01
9.944787025451660156e-01
9.944788217544555664e-01
9.944787025451660156e-01
9.944802522659301758e-01
9.944754242897033691e-01
9.944776296615600586e-01
9.944763779640197754e-01
9.944800138473510742e-01
9.944792985916137695e-01
9.944788217544555664e-01
9.944819211959838867e-01
9.944759011268615723e-01
9.944823980331420898e-01
9.944760203361511230e-01
9.944800138473510742e-01
9.944716691970825195e-01
9.944772124290466309e-01
9.944784641265869141e-01
9.944772124290466309e-01
9.944742321968078613e-01
9.944813251495361328e-01
9.944778680801391602e-01
9.944717884063720703e-01
9.944766163825988770e-01
9.944794178009033203e-01
9.944783449172973633e-01
9.944741129875183105e-01
9.944789409637451172e-01
9.944736361503601074e-01
9.944795370101928711e-01
9.944806098937988281e-01
9.944776296615600586e-01
9.944757819175720215e-01
9.944806098937988281e-01
9.944810867309570312e-01
9.944736361503601074e-01
9.944743514060974121e-01
9.944790601730346680e-01
9.944755434989929199e-01
9.944781064987182617e-01
9.944792985916137695e-01
9.944843649864196777e-01
9.944801330566406250e-01
9.944735169410705566e-01
9.944777488708496094e-01
9.944751858711242676e-01
9.944776296615600586e-01
9.944826364517211914e-01
9.944776296615600586e-01
9.944754242897033691e-01
9.944737553596496582e-01
9.944777488708496094e-01
9.944733977317810059e-01
9.944806098937988281e-01
9.944704771041870117e-01
9.944766163825988770e-01
9.944688081741333008e-01
9.944764971733093262e-01
9.944789409637451172e-01
9.944804906845092773e-01
9.944741129875183105e-01
9.944821596145629883e-01
9.944784641265869141e-01
9.944730401039123535e-01
9.944748282432556152e-01
9.944721460342407227e-01
9.944763779640197754e-01
9.944766163825988770e-01
9.944792985916137695e-01
9.944770932197570801e-01
9.944781064987182617e-01
9.944781064987182617e-01
9.944766163825988770e-01
9.944738745689392090e-01
9.944761395454406738e-01
9.944764971733093262e-01
9.944751858711242676e-01
9.944708347320556641e-01
9.944782257080078125e-01
9.944755434989929199e-01
9.944745898246765137e-01
9.944749474525451660e-01
9.944713115692138672e-01
9.944783449172973633e-01
9.944772124290466309e-01
9.944772124290466309e-01
9.944756627082824707e-01
9.944735169410705566e-01
9.944821596145629883e-01
9.944767355918884277e-01
9.944787025451660156e-01
9.944794178009033203e-01
9.944825172424316406e-01
9.944792985916137695e-01
9.944801330566406250e-01
9.944783449172973633e-01
9.944785833358764648e-01
9.944789409637451172e-01
9.944772124290466309e-01
9.944755434989929199e-01
9.944716691970825195e-01
9.944797754287719727e-01
9.944760203361511230e-01
9.944770932197570801e-01
9.944808483123779297e-01
9.944789409637451172e-01
9.944763779640197754e-01
9.944769740104675293e-01
9.944766163825988770e-01
9.944785833358764648e-01
9.944804906845092773e-01
9.944784641265869141e-01
9.944789409637451172e-01
9.944770932197570801e-01
9.944812059402465820e-01
9.944796562194824219e-01
9.944774508476257324e-01
9.944794178009033203e-01
9.944829344749450684e-01
9.944789409637451172e-01
9.944785833358764648e-01
9.944777488708496094e-01
9.944784641265869141e-01
9.944802522659301758e-01
9.944828748703002930e-01
9.944801330566406250e-01
9.944750666618347168e-01
9.944732785224914551e-01
9.944794178009033203e-01
9.944696426391601562e-01
9.944684505462646484e-01
9.946274161338806152e-01
9.944773316383361816e-01
9.944748282432556152e-01
9.944745898246765137e-01
9.944685697555541992e-01
9.944722056388854980e-01
9.944748282432556152e-01
9.944807291030883789e-01
9.944744706153869629e-01
9.944781064987182617e-01
9.944713115692138672e-01
9.944743514060974121e-01
9.944810867309570312e-01
9.944778680801391602e-01
9.944743514060974121e-01
9.944759011268615723e-01
9.944756627082824707e-01
9.944766163825988770e-01
9.944729208946228027e-01
9.944730401039123535e-01
9.944769740104675293e-01
9.944702386856079102e-01
9.944782257080078125e-01
9.944646954536437988e-01
9.944751858711242676e-01
9.944673776626586914e-01
9.944725632667541504e-01
9.944750666618347168e-01
9.944768548011779785e-01
9.944777488708496094e-01
9.944774508476257324e-01
9.944848418235778809e-01
9.944715499877929688e-01
9.944787025451660156e-01
9.944742321968078613e-01
9.944743514060974121e-01
9.944785833358764648e-01
9.944796562194824219e-01
9.944785833358764648e-01
9.944762587547302246e-01
9.944806098937988281e-01
9.944751858711242676e-01
9.944766163825988770e-01
9.944806098937988281e-01
9.944798946380615234e-01
9.944813251495361328e-01
9.944759011268615723e-01
9.944810867309570312e-01
9.944804906845092773e-01
9.944844841957092285e-01
9.944750666618347168e-01
9.944731593132019043e-01
9.944776296615600586e-01
9.944802522659301758e-01
9.944803714752197266e-01
9.944818019866943359e-01
9.944773316383361816e-01
9.944795370101928711e-01
9.944773316383361816e-01
9.944776296615600586e-01
9.944777488708496094e-01
9.944779872894287109e-01
9.944792985916137695e-01
9.944767355918884277e-01
9.944775700569152832e-01
9.944781064987182617e-01
9.944796562194824219e-01
9.944776296615600586e-01
9.944803714752197266e-01
9.944788217544555664e-01
9.944773316383361816e-01
9.944762587547302246e-01
9.944781064987182617e-01
9.944782257080078125e-01
9.944795370101928711e-01
9.944790601730346680e-01
9.944792985916137695e-01
9.944794178009033203e-01
9.944797754287719727e-01
9.944790601730346680e-01
9.944775700569152832e-01
9.944792985916137695e-01
9.944755434989929199e-01
9.944826364517211914e-01
9.944763779640197754e-01
9.944754242897033691e-01
9.944741129875183105e-01
9.944840073585510254e-01
9.944766163825988770e-01
9.944792985916137695e-01
9.944783449172973633e-01
9.944726824760437012e-01
9.944714307785034180e-01
9.944847226142883301e-01
9.944757819175720215e-01
9.944768548011779785e-01
9.944773316383361816e-01
9.944788217544555664e-01
9.944764971733093262e-01
9.944769740104675293e-01
9.944761395454406738e-01
9.944731593132019043e-01
9.944707155227661133e-01
9.944803714752197266e-01
9.944778680801391602e-01
9.944785833358764648e-01
9.944676160812377930e-01
9.944807291030883789e-01
9.944802522659301758e-01
9.944736361503601074e-01
9.944804906845092773e-01
9.944773316383361816e-01
9.944755434989929199e-01
9.944788217544555664e-01
9.944711923599243164e-01
9.944736361503601074e-01
9.944772124290466309e-01
9.944715499877929688e-01
9.944794178009033203e-01
9.944787025451660156e-01
9.944762587547302246e-01
9.944756627082824707e-01
