3.315928280353546143e-01
3.315932750701904297e-01
3.315955996513366699e-01
3.317770659923553467e-01
3.322236537933349609e-01
3.324248194694519043e-01
3.325333893299102783e-01
3.325333893299102783e-01
3.325333893299102783e-01
3.317506313323974609e-01
3.317141234874725342e-01
3.322939574718475342e-01
3.323512971401214600e-01
3.324740231037139893e-01
3.317770659923553467e-01
3.323641419410705566e-01
3.322572708129882812e-01
3.320733606815338135e-01
3.320733606815338135e-01
3.315946757793426514e-01
3.315946757793426514e-01
3.322939574718475342e-01
3.321501612663269043e-01
3.325353562831878662e-01
3.325333893299102783e-01
3.321234881877899170e-01
3.324309885501861572e-01
3.321234881877899170e-01
3.315932750701904297e-01
3.315932750701904297e-01
3.322572410106658936e-01
3.318558931350708008e-01
3.315955996513366699e-01
3.315955996513366699e-01
3.325947821140289307e-01
3.324912190437316895e-01
3.317506313323974609e-01
3.314620554447174072e-01
3.322490751743316650e-01
3.314620554447174072e-01
3.314620554447174072e-01
3.321093022823333740e-01
3.324957191944122314e-01
3.318798243999481201e-01
3.317770659923553467e-01
3.324957191944122314e-01
3.325333893299102783e-01
3.324255347251892090e-01
3.317770659923553467e-01
3.323009610176086426e-01
3.316588401794433594e-01
3.325777351856231689e-01
3.320170044898986816e-01
3.315946757793426514e-01
3.323841691017150879e-01
3.323797285556793213e-01
3.320733606815338135e-01
3.321234881877899170e-01
3.324292600154876709e-01
3.326997756958007812e-01
3.325260281562805176e-01
3.315955996513366699e-01
3.314620554447174072e-01
3.325413763523101807e-01
3.324255347251892090e-01
3.324912190437316895e-01
3.317417204380035400e-01
3.317417204380035400e-01
3.323841691017150879e-01
3.317770659923553467e-01
3.325333893299102783e-01
3.322572708129882812e-01
3.319811820983886719e-01
3.320624232292175293e-01
3.314664065837860107e-01
3.320624232292175293e-01
3.315946757793426514e-01
3.315946757793426514e-01
3.317897319793701172e-01
3.325302302837371826e-01
3.324740231037139893e-01
3.325445652008056641e-01
3.317770659923553467e-01
3.324912190437316895e-01
3.318160176277160645e-01
3.320719897747039795e-01
3.315946757793426514e-01
3.323797285556793213e-01
3.321133852005004883e-01
3.325333893299102783e-01
3.321293592453002930e-01
3.321293592453002930e-01
3.326997756958007812e-01
3.324248194694519043e-01
3.324255347251892090e-01
3.317770659923553467e-01
3.315928280353546143e-01
3.316588401794433594e-01
3.318798243999481201e-01
