1.285180449485778809e-03
1.168627291917800903e-03
1.169510185718536377e-03
1.213338226079940796e-03
3.159053623676300049e-03
4.858985543251037598e-03
3.508210182189941406e-03
3.508210182189941406e-03
3.508210182189941406e-03
1.203376799821853638e-03
1.215223222970962524e-03
3.469362854957580566e-03
2.976339310407638550e-03
4.320848733186721802e-03
1.213338226079940796e-03
1.355208456516265869e-03
1.866448670625686646e-03
2.404265105724334717e-03
2.404265105724334717e-03
1.154605299234390259e-03
1.154586672782897949e-03
3.469362854957580566e-03
4.570480436086654663e-03
4.765894263982772827e-03
3.508210182189941406e-03
3.733668476343154907e-03
2.448339015245437622e-03
3.733672201633453369e-03
1.168627291917800903e-03
1.168623566627502441e-03
1.866441220045089722e-03
2.345804125070571899e-03
1.169502735137939453e-03
1.169491559267044067e-03
3.446828573942184448e-03
4.816703498363494873e-03
1.203376799821853638e-03
1.225132495164871216e-03
5.187999457120895386e-03
1.225132495164871216e-03
1.225132495164871216e-03
1.687094569206237793e-03
4.916399717330932617e-03
2.978570759296417236e-03
1.213360577821731567e-03
4.916399717330932617e-03
3.508210182189941406e-03
5.046091973781585693e-03
1.213338226079940796e-03
2.332575619220733643e-03
1.198887825012207031e-03
4.222154617309570312e-03
1.913934946060180664e-03
1.154586672782897949e-03
4.845719784498214722e-03
4.782762378454208374e-03
2.404265105724334717e-03
3.733690828084945679e-03
5.176451057195663452e-03
5.149673670530319214e-03
4.978481680154800415e-03
1.169510185718536377e-03
1.225128769874572754e-03
5.085472017526626587e-03
5.046118050813674927e-03
4.816718399524688721e-03
1.157842576503753662e-03
1.157842576503753662e-03
4.845719784498214722e-03
1.213338226079940796e-03
3.508210182189941406e-03
1.866459846496582031e-03
1.491405069828033447e-03
4.846069961786270142e-03
3.372218459844589233e-03
4.846096038818359375e-03
1.154616475105285645e-03
1.154586672782897949e-03
2.053473144769668579e-03
5.027648061513900757e-03
4.320863634347915649e-03
4.302747547626495361e-03
1.213338226079940796e-03
4.816710948944091797e-03
1.816526055335998535e-03
1.584477722644805908e-03
1.154586672782897949e-03
4.782762378454208374e-03
1.777544617652893066e-03
3.508210182189941406e-03
4.260931164026260376e-03
4.260931164026260376e-03
5.149673670530319214e-03
4.858985543251037598e-03
5.046118050813674927e-03
1.213338226079940796e-03
1.285180449485778809e-03
1.198902726173400879e-03
2.978570759296417236e-03
