8.266489952802658081e-03
8.264314383268356323e-03
8.548725396394729614e-03
8.260812610387802124e-03
2.418370917439460754e-02
2.449696138501167297e-02
2.359125390648841858e-02
2.429597824811935425e-02
2.434946596622467041e-02
1.180216297507286072e-02
8.262477815151214600e-03
2.544679120182991028e-02
1.648313924670219421e-02
2.413485199213027954e-02
8.259758353233337402e-03
1.457132399082183838e-02
1.551010832190513611e-02
2.253564074635505676e-02
2.206568792462348938e-02
8.264362812042236328e-03
8.263267576694488525e-03
2.476067468523979187e-02
2.476619929075241089e-02
2.449795231223106384e-02
2.335932478308677673e-02
2.404809370636940002e-02
2.305420115590095520e-02
2.429251372814178467e-02
7.998675107955932617e-03
8.416533470153808594e-03
1.818972453474998474e-02
2.257921174168586731e-02
9.043846279382705688e-03
8.273918181657791138e-03
2.311126887798309326e-02
2.424804493784904480e-02
9.474609047174453735e-03
8.230004459619522095e-03
2.433585003018379211e-02
8.261911571025848389e-03
8.261911571025848389e-03
8.891083300113677979e-03
2.435056492686271667e-02
1.778189837932586670e-02
1.019397750496864319e-02
2.434466406702995300e-02
2.438064292073249817e-02
2.434934303164482117e-02
8.260320872068405151e-03
1.282304152846336365e-02
8.262805640697479248e-03
2.437418326735496521e-02
8.261945098638534546e-03
8.232545107603073120e-03
2.564784511923789978e-02
1.906163617968559265e-02
1.993368566036224365e-02
2.419875934720039368e-02
2.455841004848480225e-02
2.476641163229942322e-02
2.449888363480567932e-02
8.260827511548995972e-03
1.236447319388389587e-02
2.438924089074134827e-02
2.434932440519332886e-02
2.449135482311248779e-02
8.264400064945220947e-03
7.684718817472457886e-03
2.428595349192619324e-02
8.260812610387802124e-03
2.438064292073249817e-02
1.957852765917778015e-02
2.437795326113700867e-02
8.263163268566131592e-03
8.309703320264816284e-03
8.767101913690567017e-03
8.265238255262374878e-03
8.265141397714614868e-03
1.291296631097793579e-02
2.439008280634880066e-02
2.434774860739707947e-02
2.218196541070938110e-02
8.261632174253463745e-03
2.372680231928825378e-02
1.390777155756950378e-02
8.015505969524383545e-03
8.263599127531051636e-03
2.291587367653846741e-02
1.419179886579513550e-02
2.429597824811935425e-02
8.263628929853439331e-03
8.262950927019119263e-03
2.435066923499107361e-02
2.476214244961738586e-02
2.434932440519332886e-02
8.260812610387802124e-03
8.266411721706390381e-03
8.267845958471298218e-03
1.765742525458335876e-02
