9.741038084030151367e-04
6.275027990341186523e-04
1.388322561979293823e-03
7.375441491603851318e-04
3.234133124351501465e-03
3.792077302932739258e-03
2.460613846778869629e-03
2.460613846778869629e-03
2.460613846778869629e-03
-2.759248018264770508e-04
-3.238134086132049561e-04
4.121072590351104736e-03
1.574769616127014160e-03
2.606239169836044312e-03
7.375515997409820557e-04
2.337381243705749512e-03
2.660859376192092896e-03
2.485983073711395264e-03
2.485983073711395264e-03
7.363185286521911621e-04
7.363259792327880859e-04
4.121072590351104736e-03
8.435644209384918213e-03
5.116619169712066650e-03
2.460613846778869629e-03
2.574883401393890381e-03
3.225915133953094482e-03
2.574902027845382690e-03
6.275027990341186523e-04
6.274953484535217285e-04
2.660855650901794434e-03
1.603312790393829346e-03
1.388307660818099976e-03
1.388307660818099976e-03
2.568967640399932861e-03
5.395561456680297852e-03
-2.759248018264770508e-04
1.533202826976776123e-03
8.882686495780944824e-03
1.533202826976776123e-03
1.533202826976776123e-03
-2.166777849197387695e-03
4.158988595008850098e-03
1.899484544992446899e-03
7.375329732894897461e-04
4.158988595008850098e-03
2.460613846778869629e-03
3.051068633794784546e-03
7.375515997409820557e-04
1.206520944833755493e-03
7.366426289081573486e-04
3.043327480554580688e-03
9.448379278182983398e-04
7.363259792327880859e-04
4.363253712654113770e-03
2.440501004457473755e-03
2.485983073711395264e-03
2.574894577264785767e-03
6.041377782821655273e-03
4.922185093164443970e-03
5.426570773124694824e-03
1.388322561979293823e-03
1.533195376396179199e-03
6.366580724716186523e-03
3.051057457923889160e-03
5.395546555519104004e-03
-4.413053393363952637e-04
-4.413053393363952637e-04
4.363253712654113770e-03
7.375441491603851318e-04
2.460613846778869629e-03
2.660855650901794434e-03
6.186664104461669922e-04
2.931389957666397095e-03
1.225870102643966675e-03
2.931393682956695557e-03
7.363408803939819336e-04
7.363259792327880859e-04
1.295138150453567505e-03
4.603628069162368774e-03
2.606257796287536621e-03
2.143934369087219238e-03
7.375441491603851318e-04
5.395565181970596313e-03
1.027908176183700562e-03
-2.258818596601486206e-03
7.363259792327880859e-04
2.440501004457473755e-03
-2.085749059915542603e-03
2.460613846778869629e-03
5.773790180683135986e-04
5.773790180683135986e-04
4.922185093164443970e-03
3.792077302932739258e-03
3.051057457923889160e-03
7.375441491603851318e-04
9.741038084030151367e-04
7.366426289081573486e-04
1.899484544992446899e-03
