1.054771244525909424e-03
8.844174444675445557e-04
1.731541007757186890e-03
9.388551115989685059e-04
3.351137042045593262e-03
6.133057177066802979e-03
4.340268671512603760e-03
4.340268671512603760e-03
4.340268671512603760e-03
9.198077023029327393e-04
9.665265679359436035e-04
3.408886492252349854e-03
4.409335553646087646e-03
5.554094910621643066e-03
9.388364851474761963e-04
2.530552446842193604e-03
2.056621015071868896e-03
3.070864826440811157e-03
3.070864826440811157e-03
9.340941905975341797e-04
9.341053664684295654e-04
3.408886492252349854e-03
6.313644349575042725e-03
6.041701883077621460e-03
4.340268671512603760e-03
4.781730473041534424e-03
2.275325357913970947e-03
4.781711846590042114e-03
8.844174444675445557e-04
8.843988180160522461e-04
2.056613564491271973e-03
1.323223114013671875e-03
1.731552183628082275e-03
1.731555908918380737e-03
3.345198929309844971e-03
6.143387407064437866e-03
9.198077023029327393e-04
2.814345061779022217e-03
6.544541567564010620e-03
2.814345061779022217e-03
2.814345061779022217e-03
1.746028661727905273e-03
6.103631108999252319e-03
1.883603632450103760e-03
9.388290345668792725e-04
6.103631108999252319e-03
4.340268671512603760e-03
6.142165511846542358e-03
9.388364851474761963e-04
1.964937895536422729e-03
9.059049189090728760e-04
4.908379167318344116e-03
2.222385257482528687e-03
9.341053664684295654e-04
5.041051656007766724e-03
6.130617111921310425e-03
3.070864826440811157e-03
4.781734198331832886e-03
6.730847060680389404e-03
6.399273872375488281e-03
6.119716912508010864e-03
1.731541007757186890e-03
2.814363688230514526e-03
6.419502198696136475e-03
6.142154335975646973e-03
6.143406033515930176e-03
8.441694080829620361e-04
8.441694080829620361e-04
5.041051656007766724e-03
9.388551115989685059e-04
4.340268671512603760e-03
2.056609839200973511e-03
9.139068424701690674e-04
6.357271224260330200e-03
4.127256572246551514e-03
6.357286125421524048e-03
9.340867400169372559e-04
9.341053664684295654e-04
2.499099820852279663e-03
6.340079009532928467e-03
5.554087460041046143e-03
5.135595798492431641e-03
9.388551115989685059e-04
6.143387407064437866e-03
1.456469297409057617e-03
1.693297177553176880e-03
9.341053664684295654e-04
6.130617111921310425e-03
1.863010227680206299e-03
4.340268671512603760e-03
5.915552377700805664e-03
5.915552377700805664e-03
6.399273872375488281e-03
6.133057177066802979e-03
6.142154335975646973e-03
9.388551115989685059e-04
1.054771244525909424e-03
9.058900177478790283e-04
1.883603632450103760e-03
