8.156437426805496216e-03
8.079480379819869995e-03
8.286841213703155518e-03
7.983859628438949585e-03
2.413237839937210083e-02
2.441799640655517578e-02
2.349672466516494751e-02
2.415172755718231201e-02
2.419589459896087646e-02
1.167652383446693420e-02
7.958717644214630127e-03
2.540294080972671509e-02
1.608846336603164673e-02
2.394977584481239319e-02
7.963817566633224487e-03
1.430055126547813416e-02
1.522045582532882690e-02
2.242081612348556519e-02
2.198352664709091187e-02
8.109014481306076050e-03
8.096609264612197876e-03
2.473793178796768188e-02
2.482467144727706909e-02
2.447558939456939697e-02
2.321785688400268555e-02
2.395547181367874146e-02
2.277528867125511169e-02
2.414133399724960327e-02
7.825128734111785889e-03
8.320167660713195801e-03
1.790050417184829712e-02
2.221307158470153809e-02
9.213790297508239746e-03
8.251633495092391968e-03
2.298903092741966248e-02
2.404244616627693176e-02
9.485200047492980957e-03
7.915258407592773438e-03
2.423021942377090454e-02
8.039560168981552124e-03
8.039560168981552124e-03
8.775826543569564819e-03
2.427835017442703247e-02
1.748227700591087341e-02
1.006957516074180603e-02
2.423867955803871155e-02
2.427918463945388794e-02
2.424846589565277100e-02
8.018251508474349976e-03
1.269123703241348267e-02
8.050397038459777832e-03
2.440114319324493408e-02
8.002951741218566895e-03
7.936637848615646362e-03
2.573575451970100403e-02
1.862173527479171753e-02
1.975940167903900146e-02
2.412093430757522583e-02
2.460462972521781921e-02
2.488734200596809387e-02
2.463673800230026245e-02
7.948372513055801392e-03
1.218271255493164062e-02
2.446346729993820190e-02
2.424845099449157715e-02
2.443187683820724487e-02
8.117299526929855347e-03
7.304910570383071899e-03
2.414213865995407104e-02
7.983859628438949585e-03
2.427918463945388794e-02
1.933349668979644775e-02
2.435167506337165833e-02
7.970117032527923584e-03
8.098803460597991943e-03
8.499607443809509277e-03
8.108794689178466797e-03
8.042275905609130859e-03
1.270041614770889282e-02
2.440411224961280823e-02
2.422720193862915039e-02
2.196239680051803589e-02
8.090235292911529541e-03
2.357559651136398315e-02
1.376484706997871399e-02
7.744390517473220825e-03
8.076980710029602051e-03
2.262599021196365356e-02
1.405604183673858643e-02
2.415172755718231201e-02
8.101772516965866089e-03
7.956065237522125244e-03
2.432449162006378174e-02
2.477840334177017212e-02
2.424845099449157715e-02
7.983859628438949585e-03
8.126951754093170166e-03
8.054569363594055176e-03
1.745700836181640625e-02
