3.317470848560333252e-01
3.318580090999603271e-01
3.317800164222717285e-01
3.318836390972137451e-01
3.323783576488494873e-01
3.325822949409484863e-01
3.326992988586425781e-01
3.326992988586425781e-01
3.326992988586425781e-01
3.318672180175781250e-01
3.318425416946411133e-01
3.325864970684051514e-01
3.323914110660552979e-01
3.325719535350799561e-01
3.318836390972137451e-01
3.325521349906921387e-01
3.324733674526214600e-01
3.322840929031372070e-01
3.322840929031372070e-01
3.317932486534118652e-01
3.317932486534118652e-01
3.325864970684051514e-01
3.323208093643188477e-01
3.327550292015075684e-01
3.326992988586425781e-01
3.322021365165710449e-01
3.327051401138305664e-01
3.322021365165710449e-01
3.318580090999603271e-01
3.318580090999603271e-01
3.324733674526214600e-01
3.319739103317260742e-01
3.317800164222717285e-01
3.317800164222717285e-01
3.326868712902069092e-01
3.325994312763214111e-01
3.318672180175781250e-01
3.316686451435089111e-01
3.324475586414337158e-01
3.316686451435089111e-01
3.316686451435089111e-01
3.320995271205902100e-01
3.325854539871215820e-01
3.319838345050811768e-01
3.318836390972137451e-01
3.325854539871215820e-01
3.326992988586425781e-01
3.325895667076110840e-01
3.318836390972137451e-01
3.325203359127044678e-01
3.318095207214355469e-01
3.327633142471313477e-01
3.320418894290924072e-01
3.317932486534118652e-01
3.324948847293853760e-01
3.325011432170867920e-01
3.322840929031372070e-01
3.322021365165710449e-01
3.325863480567932129e-01
3.328530192375183105e-01
3.327316939830780029e-01
3.317800164222717285e-01
3.316686451435089111e-01
3.326750099658966064e-01
3.325895667076110840e-01
3.325994312763214111e-01
3.318443000316619873e-01
3.318443000316619873e-01
3.324948847293853760e-01
3.318836390972137451e-01
3.326992988586425781e-01
3.324733674526214600e-01
3.320638537406921387e-01
3.320581316947937012e-01
3.315179944038391113e-01
3.320581316947937012e-01
3.317932486534118652e-01
3.317932486534118652e-01
3.318815231323242188e-01
3.326429724693298340e-01
3.325719833374023438e-01
3.326990902423858643e-01
3.318836390972137451e-01
3.325994312763214111e-01
3.319088518619537354e-01
3.320767581462860107e-01
3.317932486534118652e-01
3.325011432170867920e-01
3.321037292480468750e-01
3.326992988586425781e-01
3.317582905292510986e-01
3.317582905292510986e-01
3.328530192375183105e-01
3.325822949409484863e-01
3.325895667076110840e-01
3.318836390972137451e-01
3.317470848560333252e-01
3.318095207214355469e-01
3.319838345050811768e-01
