3.307585120201110840e-01
3.308059275150299072e-01
3.308237791061401367e-01
3.308124840259552002e-01
3.316726982593536377e-01
3.318529725074768066e-01
3.319199979305267334e-01
3.319199979305267334e-01
3.319199979305267334e-01
3.307934105396270752e-01
3.307867050170898438e-01
3.318814933300018311e-01
3.315604925155639648e-01
3.318448662757873535e-01
3.308125138282775879e-01
3.317324221134185791e-01
3.316985666751861572e-01
3.314322531223297119e-01
3.314322531223297119e-01
3.308147192001342773e-01
3.308147192001342773e-01
3.318814933300018311e-01
3.317230045795440674e-01
3.321647346019744873e-01
3.319199979305267334e-01
3.313775360584259033e-01
3.319834172725677490e-01
3.313775360584259033e-01
3.308059275150299072e-01
3.308059275150299072e-01
3.316985666751861572e-01
3.310027420520782471e-01
3.308237791061401367e-01
3.308237791061401367e-01
3.318181037902832031e-01
3.318978548049926758e-01
3.307934105396270752e-01
3.308093845844268799e-01
3.318975567817687988e-01
3.308093845844268799e-01
3.308093845844268799e-01
3.308080136775970459e-01
3.319082856178283691e-01
3.311047852039337158e-01
3.308124840259552002e-01
3.319082856178283691e-01
3.319199979305267334e-01
3.318492770195007324e-01
3.308125138282775879e-01
3.315901458263397217e-01
3.308048546314239502e-01
3.321569263935089111e-01
3.308785259723663330e-01
3.308147192001342773e-01
3.317042887210845947e-01
3.317683637142181396e-01
3.314322531223297119e-01
3.313775360584259033e-01
3.317485749721527100e-01
3.320068717002868652e-01
3.319685757160186768e-01
3.308237791061401367e-01
3.308094143867492676e-01
3.318816721439361572e-01
3.318492770195007324e-01
3.318978548049926758e-01
3.308076858520507812e-01
3.308076858520507812e-01
3.317042887210845947e-01
3.308124840259552002e-01
3.319199979305267334e-01
3.316985666751861572e-01
3.310881257057189941e-01
3.311635851860046387e-01
3.306594491004943848e-01
3.311635851860046387e-01
3.308147192001342773e-01
3.308147192001342773e-01
3.308972418308258057e-01
3.320072591304779053e-01
3.318448662757873535e-01
3.319289088249206543e-01
3.308124840259552002e-01
3.318978548049926758e-01
3.309009373188018799e-01
3.307783603668212891e-01
3.308147192001342773e-01
3.317683637142181396e-01
3.308233022689819336e-01
3.319199979305267334e-01
3.308070302009582520e-01
3.308070302009582520e-01
3.320068717002868652e-01
3.318529725074768066e-01
3.318492770195007324e-01
3.308124840259552002e-01
3.307585120201110840e-01
3.308048546314239502e-01
3.311047852039337158e-01
