1.023926138877868652e-01
1.026262789964675903e-01
1.031854301691055298e-01
1.025708615779876709e-01
1.249524354934692383e-01
1.264774650335311890e-01
1.266700327396392822e-01
1.259259879589080811e-01
1.264867931604385376e-01
1.048405319452285767e-01
1.025766879320144653e-01
1.281598806381225586e-01
1.187906712293624878e-01
1.265373677015304565e-01
1.025525778532028198e-01
1.153513938188552856e-01
1.137044280767440796e-01
1.246228516101837158e-01
1.241597831249237061e-01
1.026365756988525391e-01
1.025629341602325439e-01
1.273976713418960571e-01
1.265835464000701904e-01
1.268950849771499634e-01
1.262836307287216187e-01
1.265661865472793579e-01
1.253809332847595215e-01
1.266303509473800659e-01
1.023384928703308105e-01
1.026438325643539429e-01
1.182084232568740845e-01
1.266335695981979370e-01
1.026085913181304932e-01
1.026952266693115234e-01
1.249313354492187500e-01
1.265575736761093140e-01
1.038000434637069702e-01
1.025778204202651978e-01
1.266492158174514771e-01
1.026166230440139771e-01
1.026166230440139771e-01
1.026704162359237671e-01
1.265569478273391724e-01
1.211260855197906494e-01
1.055056899785995483e-01
1.265773922204971313e-01
1.266687810420989990e-01
1.265423595905303955e-01
1.021903455257415771e-01
1.109001487493515015e-01
1.025835871696472168e-01
1.265221238136291504e-01
1.025611162185668945e-01
1.034029573202133179e-01
1.291132420301437378e-01
1.230375319719314575e-01
1.217641681432723999e-01
1.258358061313629150e-01
1.266558319330215454e-01
1.281592100858688354e-01
1.266662180423736572e-01
1.025343239307403564e-01
1.084087044000625610e-01
1.266740709543228149e-01
1.265423297882080078e-01
1.276869177818298340e-01
1.026302129030227661e-01
1.020642220973968506e-01
1.262467652559280396e-01
1.025708615779876709e-01
1.266687810420989990e-01
1.202515959739685059e-01
1.267048269510269165e-01
1.045637577772140503e-01
1.022895127534866333e-01
1.051981300115585327e-01
1.025102138519287109e-01
1.023366302251815796e-01
1.065252125263214111e-01
1.267016083002090454e-01
1.264778822660446167e-01
1.252018511295318604e-01
1.026308238506317139e-01
1.255341321229934692e-01
1.087042242288589478e-01
1.024422496557235718e-01
1.049717664718627930e-01
1.255665272474288940e-01
1.053572148084640503e-01
1.259259879589080811e-01
1.025515049695968628e-01
1.025813221931457520e-01
1.266579777002334595e-01
1.265169829130172729e-01
1.265423297882080078e-01
1.025708615779876709e-01
1.051267534494400024e-01
1.025754511356353760e-01
1.227327734231948853e-01
