6.940122842788696289e-01
4.325394984334707260e-03
6.116041447967290878e-03
2.856056988239288330e-01
1.550981402397155762e-01
6.566343307495117188e-01
5.176712200045585632e-02
5.176712200045585632e-02
5.176712200045585632e-02
3.593134507536888123e-02
4.740492254495620728e-02
4.441411048173904419e-02
4.800660535693168640e-02
5.469488501548767090e-01
2.856056988239288330e-01
7.865082472562789917e-03
1.468042004853487015e-02
2.798465192317962646e-01
2.798465192317962646e-01
1.603932678699493408e-01
1.603884696960449219e-01
4.441411048173904419e-02
1.000000000000000000e+00
5.480881929397583008e-01
5.176712200045585632e-02
2.528635859489440918e-01
0.000000000000000000e+00
2.528620064258575439e-01
4.325394984334707260e-03
4.328595474362373352e-03
1.468042004853487015e-02
2.926130592823028564e-01
6.119241937994956970e-03
6.117641925811767578e-03
2.742377221584320068e-01
8.654086589813232422e-01
3.593134507536888123e-02
1.444758772850036621e-01
9.933222532272338867e-01
1.444758772850036621e-01
1.444758772850036621e-01
8.779911994934082031e-01
6.335799694061279297e-01
5.526552200317382812e-01
2.856121063232421875e-01
6.335799694061279297e-01
5.176712200045585632e-02
9.647583365440368652e-01
2.856056988239288330e-01
2.099408805370330811e-01
6.461433172225952148e-01
5.385413169860839844e-01
5.725907683372497559e-01
1.603884696960449219e-01
6.837325096130371094e-01
9.838809967041015625e-01
2.798465192317962646e-01
2.528620064258575439e-01
9.988830685615539551e-01
9.523550271987915039e-01
7.915937304496765137e-01
6.116041447967290878e-03
1.444806754589080811e-01
9.784482121467590332e-01
9.647599458694458008e-01
8.654086589813232422e-01
3.845009207725524902e-02
3.845009207725524902e-02
6.837325096130371094e-01
2.856056988239288330e-01
5.176712200045585632e-02
1.467722002416849136e-02
2.781854867935180664e-01
9.556226730346679688e-01
7.190589308738708496e-01
9.556242823600769043e-01
1.603932678699493408e-01
1.603884696960449219e-01
6.072243452072143555e-01
7.715669870376586914e-01
5.469488501548767090e-01
8.265585303306579590e-01
2.856056988239288330e-01
8.654086589813232422e-01
5.489891171455383301e-01
9.023081660270690918e-01
1.603884696960449219e-01
9.838809967041015625e-01
9.114373922348022461e-01
5.176712200045585632e-02
9.645166993141174316e-01
9.645166993141174316e-01
9.523550271987915039e-01
6.566343307495117188e-01
9.647599458694458008e-01
2.856056988239288330e-01
6.940138936042785645e-01
6.461449265480041504e-01
5.526552200317382812e-01
