2.217261865735054016e-02
1.238307799212634563e-03
1.998299267143011093e-03
2.673256909474730492e-03
5.805431604385375977e-01
9.804474711418151855e-01
6.338754296302795410e-01
6.338754296302795410e-01
6.338754296302795410e-01
1.615646295249462128e-03
2.423469442874193192e-03
6.417198181152343750e-01
4.652210772037506104e-01
8.630580306053161621e-01
2.667942084372043610e-03
2.030187053605914116e-03
1.306760162115097046e-01
3.379464149475097656e-01
3.379464149475097656e-01
9.300595265813171864e-04
9.353741770610213280e-04
6.417198181152343750e-01
8.872342705726623535e-01
9.677189588546752930e-01
6.338754296302795410e-01
6.796343326568603516e-01
3.210193514823913574e-01
6.796343326568603516e-01
1.238307799212634563e-03
1.238307799212634563e-03
1.306866556406021118e-01
3.601509332656860352e-01
1.998299267143011093e-03
1.998299267143011093e-03
6.188563108444213867e-01
9.744791388511657715e-01
1.615646295249462128e-03
2.795493230223655701e-03
1.000000000000000000e+00
2.795493230223655701e-03
2.795493230223655701e-03
1.352519094944000244e-01
9.830357432365417480e-01
5.579719543457031250e-01
2.662627492100000381e-03
9.830357432365417480e-01
6.338754296302795410e-01
9.981079697608947754e-01
2.667942084372043610e-03
3.603050708770751953e-01
2.104591811075806618e-03
8.425807952880859375e-01
1.682079136371612549e-01
9.353741770610213280e-04
9.763711690902709961e-01
9.798735380172729492e-01
3.379464149475097656e-01
6.796343326568603516e-01
9.999681115150451660e-01
9.988785982131958008e-01
9.944568276405334473e-01
1.998299267143011093e-03
2.795493230223655701e-03
9.984800219535827637e-01
9.980920553207397461e-01
9.744898080825805664e-01
0.000000000000000000e+00
0.000000000000000000e+00
9.763711690902709961e-01
2.673256909474730492e-03
6.338754296302795410e-01
1.306919604539871216e-01
8.428996801376342773e-02
9.593590497970581055e-01
5.792464017868041992e-01
9.593590497970581055e-01
9.353741770610213280e-04
9.353741770610213280e-04
2.009460031986236572e-01
9.933354854583740234e-01
8.630633354187011719e-01
8.930644392967224121e-01
2.673256909474730492e-03
9.744791388511657715e-01
1.622023880481719971e-01
1.100127547979354858e-01
9.353741770610213280e-04
9.798735380172729492e-01
1.588966846466064453e-01
6.338754296302795410e-01
8.934417366981506348e-01
8.934417366981506348e-01
9.988785982131958008e-01
9.804474711418151855e-01
9.980920553207397461e-01
2.673256909474730492e-03
2.217261865735054016e-02
2.099277218803763390e-03
5.579719543457031250e-01
