2.183865988627076149e-03
2.180336974561214447e-03
2.189126331359148026e-03
2.181123942136764526e-03
2.214805921539664268e-03
2.221482573077082634e-03
2.204634482041001320e-03
2.204634482041001320e-03
2.204634482041001320e-03
2.175575820729136467e-03
2.175372093915939331e-03
2.225226722657680511e-03
2.191710751503705978e-03
2.206666395068168640e-03
2.181123942136764526e-03
2.202834933996200562e-03
2.207405399531126022e-03
2.204993739724159241e-03
2.204993739724159241e-03
2.181112300604581833e-03
2.181112533435225487e-03
2.225226722657680511e-03
2.245378214865922928e-03
2.233964623883366585e-03
2.204634482041001320e-03
2.206236822530627251e-03
2.214706270024180412e-03
2.206237521022558212e-03
2.180336974561214447e-03
2.180336741730570793e-03
2.207405399531126022e-03
2.192122163251042366e-03
2.189126098528504372e-03
2.189126098528504372e-03
2.206154400482773781e-03
2.235881518572568893e-03
2.175575820729136467e-03
2.191117266193032265e-03
2.246015937998890877e-03
2.191117266193032265e-03
2.191117266193032265e-03
2.170339692384004593e-03
2.225629519671201706e-03
2.196422545239329338e-03
2.181123709306120872e-03
2.225629519671201706e-03
2.204634482041001320e-03
2.212550491094589233e-03
2.181123942136764526e-03
2.186765661463141441e-03
2.181115094572305679e-03
2.212451072409749031e-03
2.183520467951893806e-03
2.181112533435225487e-03
2.227639546617865562e-03
2.204342279583215714e-03
2.204993739724159241e-03
2.206237288191914558e-03
2.238657325506210327e-03
2.232517348602414131e-03
2.236033789813518524e-03
2.189126331359148026e-03
2.191117266193032265e-03
2.239797031506896019e-03
2.212550258263945580e-03
2.235881518572568893e-03
2.174932276830077171e-03
2.174932276830077171e-03
2.227639546617865562e-03
2.181123942136764526e-03
2.204634482041001320e-03
2.207405399531126022e-03
2.180282492190599442e-03
2.210996113717556000e-03
2.187011763453483582e-03
2.210996113717556000e-03
2.181112533435225487e-03
2.181112533435225487e-03
2.187906531617045403e-03
2.229799749329686165e-03
2.206666627898812294e-03
2.200001152232289314e-03
2.181123942136764526e-03
2.235881518572568893e-03
2.184527926146984100e-03
2.170254010707139969e-03
2.181112533435225487e-03
2.204342279583215714e-03
2.170489635318517685e-03
2.204634482041001320e-03
2.180040813982486725e-03
2.180040813982486725e-03
2.232517348602414131e-03
2.221482573077082634e-03
2.212550258263945580e-03
2.181123942136764526e-03
2.183865988627076149e-03
2.181115094572305679e-03
2.196422545239329338e-03
