1.787229813635349274e-02
2.947777323424816132e-02
3.644185364246368408e-01
3.583860769867897034e-02
7.824671864509582520e-01
8.888098597526550293e-01
8.994739651679992676e-01
9.874795675277709961e-01
1.000000000000000000e+00
1.385520249605178833e-01
1.088862344622612000e-01
9.603308439254760742e-01
3.897652029991149902e-01
7.264364957809448242e-01
5.547853652387857437e-04
6.125016212463378906e-01
6.346890330314636230e-01
7.499241828918457031e-01
8.489315509796142578e-01
1.098329424858093262e-01
2.666809596121311188e-02
9.649227261543273926e-01
8.824212551116943359e-01
7.947373390197753906e-01
9.187629818916320801e-01
7.542949318885803223e-01
8.172399401664733887e-01
8.451870679855346680e-01
4.326663911342620850e-02
6.215582415461540222e-02
7.054844498634338379e-01
4.364810585975646973e-01
2.691834699362516403e-03
1.775313168764114380e-02
5.942943096160888672e-01
9.980165362358093262e-01
2.704678103327751160e-02
3.189777731895446777e-01
8.705642223358154297e-01
2.321425974369049072e-01
2.321425974369049072e-01
1.286215037107467651e-01
7.875079512596130371e-01
2.526325732469558716e-02
1.121884584426879883e-02
7.501744627952575684e-01
9.816457629203796387e-01
9.874954819679260254e-01
5.997640639543533325e-02
7.012408226728439331e-02
1.145373657345771790e-01
8.374465703964233398e-01
3.938804268836975098e-01
2.601625621318817139e-01
9.162763953208923340e-01
5.757864713668823242e-01
5.691674351692199707e-01
7.045642137527465820e-01
8.461827635765075684e-01
8.345918655395507812e-01
6.710771322250366211e-01
3.157126009464263916e-01
5.698122382164001465e-01
5.605715513229370117e-01
9.875007867813110352e-01
8.968257904052734375e-01
1.642244122922420502e-02
7.565604150295257568e-02
7.972557544708251953e-01
3.583860769867897034e-02
9.816457629203796387e-01
7.178909778594970703e-01
5.978176835924386978e-03
2.328734844923019409e-01
1.019414812326431274e-01
2.891173362731933594e-01
1.768308877944946289e-01
1.525063961744308472e-01
3.570196330547332764e-01
6.427579522132873535e-01
6.497993469238281250e-01
7.691298127174377441e-01
3.327255696058273315e-02
9.537475705146789551e-01
0.000000000000000000e+00
1.042691990733146667e-01
3.989582359790802002e-01
6.382322311401367188e-01
2.868809700012207031e-01
9.874795675277709961e-01
3.051981627941131592e-01
4.497296810150146484e-01
6.616073846817016602e-01
6.864165067672729492e-01
9.875007867813110352e-01
3.583860769867897034e-02
9.472530335187911987e-02
4.460792522877454758e-03
2.570682205259799957e-02
