6.112839700667115350e-01
6.082403367489584989e-01
6.117101000019409263e-01
5.877953375799988001e-01
6.307878208033893541e-01
6.303193912500022478e-01
6.319747011663257030e-01
6.319747011663257030e-01
6.319747011663257030e-01
6.176268797950942302e-01
6.090050274645636419e-01
6.427766093647654388e-01
6.280360819360604197e-01
6.296149803815085377e-01
5.877953375799988001e-01
6.185457116447216075e-01
6.259783715551278105e-01
6.258758916889122226e-01
6.258758916889122226e-01
6.083884206648274562e-01
6.083884206648274562e-01
6.427766093647654388e-01
6.588985819461522508e-01
6.588985819461520288e-01
6.319747011663257030e-01
6.258778038586344517e-01
6.442869561807884615e-01
6.258778038586344517e-01
6.082403367489584989e-01
6.082403367489584989e-01
6.259783715551278105e-01
6.326303701346307484e-01
6.117101000019409263e-01
6.117101000019409263e-01
6.237812297488432023e-01
6.298762404687855421e-01
6.176268797950942302e-01
6.131462395397767606e-01
6.712388048448982847e-01
6.131462395397767606e-01
6.131462395397767606e-01
6.088620558742248168e-01
6.368297915581533353e-01
6.635012488411163867e-01
5.877953375799988001e-01
6.368297915581533353e-01
6.319747011663257030e-01
6.319287201289888189e-01
5.877953375799988001e-01
6.261329175639502864e-01
6.021825488795459203e-01
6.452269770233973745e-01
6.090753665819592655e-01
6.083884206648274562e-01
6.458873428918758819e-01
6.280360819360599756e-01
6.258758916889122226e-01
6.258778038586344517e-01
6.589636130588720775e-01
6.537214393794226197e-01
6.511087362242267140e-01
6.117101000019409263e-01
6.131462395397767606e-01
6.492946189217244646e-01
6.319287201289888189e-01
6.298762404687855421e-01
5.972469662981556571e-01
5.972469662981556571e-01
6.458873428918758819e-01
5.877953375799988001e-01
6.319747011663257030e-01
6.259783715551278105e-01
6.438446149442175193e-01
6.128947398865539631e-01
6.169436660231993885e-01
6.128947398865539631e-01
6.083884206648274562e-01
6.083884206648274562e-01
5.968897330671713020e-01
6.581654059861368200e-01
6.296149803815085377e-01
6.318460026774413985e-01
5.877953375799988001e-01
6.298762404687855421e-01
6.156896467257839678e-01
6.007044778378024530e-01
6.083884206648274562e-01
6.280360819360599756e-01
6.209612881806038098e-01
6.319747011663257030e-01
6.028802847541570031e-01
6.028802847541570031e-01
6.537214393794226197e-01
6.303193912500022478e-01
6.319287201289888189e-01
5.877953375799988001e-01
6.112839700667115350e-01
6.021825488795459203e-01
6.635012488411163867e-01
