9.948893785476684570e-01
9.948899745941162109e-01
9.948830604553222656e-01
9.948782920837402344e-01
9.948815107345581055e-01
9.948898553848266602e-01
9.948905706405639648e-01
9.948821067810058594e-01
9.948904514312744141e-01
9.948909282684326172e-01
9.948909282684326172e-01
9.948896169662475586e-01
9.948896169662475586e-01
9.948912858963012695e-01
9.948899745941162109e-01
9.948898553848266602e-01
9.948902130126953125e-01
9.948898553848266602e-01
9.948902130126953125e-01
9.948894977569580078e-01
9.948909282684326172e-01
9.948906898498535156e-01
9.948908090591430664e-01
9.948911666870117188e-01
9.948911666870117188e-01
9.948900938034057617e-01
9.948904514312744141e-01
9.948900938034057617e-01
9.948900938034057617e-01
9.948910474777221680e-01
9.948909282684326172e-01
9.948900938034057617e-01
9.948906898498535156e-01
9.948815107345581055e-01
9.948824644088745117e-01
9.948905706405639648e-01
9.948908090591430664e-01
9.948908090591430664e-01
9.948833584785461426e-01
9.948816299438476562e-01
9.948899745941162109e-01
9.948905706405639648e-01
9.948897361755371094e-01
9.948909282684326172e-01
9.948803186416625977e-01
9.948890805244445801e-01
9.948911666870117188e-01
9.948914051055908203e-01
9.948824644088745117e-01
9.948894977569580078e-01
9.948823451995849609e-01
9.948889613151550293e-01
9.948891401290893555e-01
9.948896169662475586e-01
9.948893785476684570e-01
9.948900938034057617e-01
9.948897361755371094e-01
9.948896169662475586e-01
9.948897361755371094e-01
9.948889613151550293e-01
9.948898553848266602e-01
9.948888421058654785e-01
9.948897361755371094e-01
9.948896169662475586e-01
9.948896169662475586e-01
9.948894977569580078e-01
9.948894977569580078e-01
9.948897361755371094e-01
9.948898553848266602e-01
9.948894977569580078e-01
9.948896169662475586e-01
9.948893785476684570e-01
9.948899745941162109e-01
9.948899745941162109e-01
9.948898553848266602e-01
9.948896169662475586e-01
9.948897361755371094e-01
9.948900938034057617e-01
9.948896169662475586e-01
9.948894977569580078e-01
9.948904514312744141e-01
9.948894977569580078e-01
9.948908090591430664e-01
9.948893785476684570e-01
9.948892593383789062e-01
9.948898553848266602e-01
9.948897361755371094e-01
9.948896169662475586e-01
9.948897361755371094e-01
9.948893785476684570e-01
9.948922395706176758e-01
9.948910474777221680e-01
9.948898553848266602e-01
9.948896169662475586e-01
9.948899745941162109e-01
9.948891401290893555e-01
9.948896169662475586e-01
9.948894977569580078e-01
9.948899745941162109e-01
9.948910474777221680e-01
9.948897361755371094e-01
9.948899745941162109e-01
9.948897361755371094e-01
9.948898553848266602e-01
9.948905706405639648e-01
9.948892593383789062e-01
9.948899745941162109e-01
9.948896169662475586e-01
9.948898553848266602e-01
9.948906898498535156e-01
9.948891401290893555e-01
9.948897361755371094e-01
9.948898553848266602e-01
9.948897361755371094e-01
9.948898553848266602e-01
9.948899745941162109e-01
9.948897361755371094e-01
9.948906898498535156e-01
9.948904514312744141e-01
9.948899745941162109e-01
9.948894977569580078e-01
9.948892593383789062e-01
9.948894977569580078e-01
9.948893785476684570e-01
9.948893785476684570e-01
9.948896169662475586e-01
9.948896169662475586e-01
9.948908090591430664e-01
9.948898553848266602e-01
9.948910474777221680e-01
9.948898553848266602e-01
9.948905706405639648e-01
9.948893785476684570e-01
9.948897361755371094e-01
9.948891401290893555e-01
9.948897361755371094e-01
9.948906898498535156e-01
9.948896169662475586e-01
9.948896169662475586e-01
9.948892593383789062e-01
9.948892593383789062e-01
9.948908090591430664e-01
9.948892593383789062e-01
9.948908090591430664e-01
9.948892593383789062e-01
9.948893785476684570e-01
9.948896169662475586e-01
9.948896169662475586e-01
9.948896169662475586e-01
9.948894977569580078e-01
9.948896169662475586e-01
9.948898553848266602e-01
9.948896169662475586e-01
9.948897361755371094e-01
9.948892593383789062e-01
9.948896169662475586e-01
9.948894977569580078e-01
9.948893785476684570e-01
9.948892593383789062e-01
9.948894977569580078e-01
9.948894977569580078e-01
9.948896169662475586e-01
9.948899745941162109e-01
9.948908090591430664e-01
9.948906898498535156e-01
9.948902130126953125e-01
9.948908090591430664e-01
9.948906898498535156e-01
9.948906898498535156e-01
9.948910474777221680e-01
9.948906898498535156e-01
9.948906898498535156e-01
9.948905706405639648e-01
9.948909282684326172e-01
9.948909282684326172e-01
9.948905706405639648e-01
9.948909282684326172e-01
9.948906898498535156e-01
9.948904514312744141e-01
9.948909282684326172e-01
9.948904514312744141e-01
9.948908090591430664e-01
9.948908090591430664e-01
9.948910474777221680e-01
9.948904514312744141e-01
9.948905706405639648e-01
9.948906898498535156e-01
9.948894977569580078e-01
9.948905706405639648e-01
9.948909282684326172e-01
9.948908090591430664e-01
9.948909282684326172e-01
9.948898553848266602e-01
9.948909282684326172e-01
9.948909282684326172e-01
9.948894977569580078e-01
9.948911666870117188e-01
9.948909282684326172e-01
9.948909282684326172e-01
9.948909282684326172e-01
9.948898553848266602e-01
9.948908090591430664e-01
9.948909282684326172e-01
9.948908090591430664e-01
9.948909282684326172e-01
9.948906898498535156e-01
9.948908090591430664e-01
9.948911666870117188e-01
9.948825836181640625e-01
9.948909282684326172e-01
9.948906898498535156e-01
9.948825836181640625e-01
9.948904514312744141e-01
9.948824644088745117e-01
9.948893785476684570e-01
9.948898553848266602e-01
9.948817491531372070e-01
9.948905706405639648e-01
9.948906898498535156e-01
9.948904514312744141e-01
9.948908090591430664e-01
9.948909282684326172e-01
9.948903322219848633e-01
9.948829412460327148e-01
9.948909282684326172e-01
9.948904514312744141e-01
9.948906898498535156e-01
9.948910474777221680e-01
9.948905706405639648e-01
9.948827028274536133e-01
9.948898553848266602e-01
9.948900938034057617e-01
9.948830604553222656e-01
9.948905706405639648e-01
9.948906898498535156e-01
9.948905706405639648e-01
9.948905706405639648e-01
9.948898553848266602e-01
9.948817491531372070e-01
9.948831796646118164e-01
9.948812723159790039e-01
9.948896169662475586e-01
9.948927164077758789e-01
9.948904514312744141e-01
9.948909282684326172e-01
9.948900938034057617e-01
9.948812723159790039e-01
9.948832988739013672e-01
9.948891401290893555e-01
9.948906898498535156e-01
9.948827028274536133e-01
9.948816299438476562e-01
9.948890805244445801e-01
9.948851466178894043e-01
9.948823451995849609e-01
9.948816299438476562e-01
9.948903322219848633e-01
9.948817491531372070e-01
9.948896169662475586e-01
9.948892593383789062e-01
9.948819875717163086e-01
9.948904514312744141e-01
9.949169158935546875e-01
9.948811531066894531e-01
9.948894977569580078e-01
9.948904514312744141e-01
9.948829412460327148e-01
9.948892593383789062e-01
9.948896169662475586e-01
9.948890805244445801e-01
9.948823451995849609e-01
9.948903322219848633e-01
9.948823451995849609e-01
9.948892593383789062e-01
9.948829412460327148e-01
9.948905706405639648e-01
9.948903322219848633e-01
9.948824644088745117e-01
9.948822259902954102e-01
9.948830604553222656e-01
9.948816299438476562e-01
9.948816299438476562e-01
9.948824644088745117e-01
9.948831796646118164e-01
9.948889613151550293e-01
9.948914051055908203e-01
9.948813915252685547e-01
9.948900938034057617e-01
9.948898553848266602e-01
9.948906898498535156e-01
9.948898553848266602e-01
9.948909282684326172e-01
9.948892593383789062e-01
9.948892593383789062e-01
9.948891401290893555e-01
9.948891401290893555e-01
9.948891401290893555e-01
9.948829412460327148e-01
9.948894977569580078e-01
9.948904514312744141e-01
9.948899745941162109e-01
9.948911666870117188e-01
9.948829412460327148e-01
9.948902130126953125e-01
9.948830604553222656e-01
9.948905706405639648e-01
9.948892593383789062e-01
9.948896169662475586e-01
9.948892593383789062e-01
9.948829412460327148e-01
9.948892593383789062e-01
9.948906898498535156e-01
9.948904514312744141e-01
9.948827028274536133e-01
9.948827028274536133e-01
9.948824644088745117e-01
9.948824644088745117e-01
9.948892593383789062e-01
9.948902130126953125e-01
9.948894977569580078e-01
9.948897361755371094e-01
9.948897361755371094e-01
9.948897361755371094e-01
9.948843121528625488e-01
9.948821067810058594e-01
9.948817491531372070e-01
9.948828220367431641e-01
9.948819875717163086e-01
9.948864579200744629e-01
9.948823451995849609e-01
9.948827028274536133e-01
9.948818683624267578e-01
9.948829412460327148e-01
9.948803186416625977e-01
9.948828220367431641e-01
9.948827028274536133e-01
9.948825836181640625e-01
9.948818683624267578e-01
9.948817491531372070e-01
9.948829412460327148e-01
9.948828220367431641e-01
9.948825836181640625e-01
9.948823451995849609e-01
9.948818683624267578e-01
9.948825836181640625e-01
9.948825836181640625e-01
9.948825836181640625e-01
9.948825836181640625e-01
9.948825836181640625e-01
9.948817491531372070e-01
9.948827028274536133e-01
9.948825836181640625e-01
9.948825836181640625e-01
9.948829412460327148e-01
9.948829412460327148e-01
9.948818683624267578e-01
9.948827028274536133e-01
9.948825836181640625e-01
9.948827028274536133e-01
9.948905706405639648e-01
9.948908090591430664e-01
9.948903322219848633e-01
9.948904514312744141e-01
9.948904514312744141e-01
9.948903322219848633e-01
9.948838353157043457e-01
9.948892593383789062e-01
9.948905706405639648e-01
9.948904514312744141e-01
9.948832988739013672e-01
9.948904514312744141e-01
9.948818683624267578e-01
9.948905706405639648e-01
9.948816299438476562e-01
9.948904514312744141e-01
9.948827028274536133e-01
9.948827028274536133e-01
9.948827028274536133e-01
9.948902130126953125e-01
9.948831796646118164e-01
9.948824644088745117e-01
9.948827028274536133e-01
9.948904514312744141e-01
9.948906898498535156e-01
9.948905706405639648e-01
9.948894977569580078e-01
9.948904514312744141e-01
9.948905706405639648e-01
9.948903322219848633e-01
9.948903322219848633e-01
9.948898553848266602e-01
9.948905706405639648e-01
9.948906898498535156e-01
9.948908090591430664e-01
9.948897361755371094e-01
9.948904514312744141e-01
9.948906898498535156e-01
9.948904514312744141e-01
9.948903322219848633e-01
9.948904514312744141e-01
9.948905706405639648e-01
9.948903322219848633e-01
9.948904514312744141e-01
9.948905706405639648e-01
9.948905706405639648e-01
9.948906898498535156e-01
9.948904514312744141e-01
9.948905706405639648e-01
9.948905706405639648e-01
9.948904514312744141e-01
9.948903322219848633e-01
9.948827028274536133e-01
9.948904514312744141e-01
9.948811531066894531e-01
9.948827028274536133e-01
9.948828220367431641e-01
9.948813915252685547e-01
9.948900938034057617e-01
9.948905706405639648e-01
9.948830604553222656e-01
9.948828220367431641e-01
9.948909282684326172e-01
9.948812723159790039e-01
9.948819875717163086e-01
9.948904514312744141e-01
9.948908090591430664e-01
9.948829412460327148e-01
9.948903322219848633e-01
9.948819875717163086e-01
9.948831796646118164e-01
9.948830604553222656e-01
9.948812723159790039e-01
9.948904514312744141e-01
9.948904514312744141e-01
9.948831796646118164e-01
9.948828220367431641e-01
9.948897361755371094e-01
9.948816299438476562e-01
9.948828220367431641e-01
9.948902130126953125e-01
9.948827028274536133e-01
9.948903322219848633e-01
9.948828220367431641e-01
9.948813915252685547e-01
9.948815107345581055e-01
9.948830604553222656e-01
9.948815107345581055e-01
9.948894977569580078e-01
9.948831796646118164e-01
9.948827028274536133e-01
