9.923853212967514992e-04
1.450409414246678352e-03
3.645107615739107132e-03
1.564915408380329609e-03
8.276207447052001953e-01
9.964980483055114746e-01
8.577549457550048828e-01
8.577549457550048828e-01
8.577549457550048828e-01
2.480963303241878748e-04
0.000000000000000000e+00
9.916601181030273438e-01
6.123399138450622559e-01
8.801217675209045410e-01
1.564915408380329609e-03
5.858317613601684570e-01
6.756617426872253418e-01
6.049352288246154785e-01
6.049352288246154785e-01
1.469493727199733257e-03
1.469493727199733257e-03
9.916601181030273438e-01
9.228229522705078125e-01
9.896085858345031738e-01
8.577549457550048828e-01
8.182408213615417480e-01
8.917727470397949219e-01
8.182408213615417480e-01
1.450409414246678352e-03
1.469493727199733257e-03
6.756617426872253418e-01
3.507509827613830566e-01
3.645107615739107132e-03
3.664192045107483864e-03
8.999885320663452148e-01
9.985973238945007324e-01
2.480963303241878748e-04
1.736674341373145580e-03
1.000000000000000000e+00
1.736674341373145580e-03
1.736674341373145580e-03
7.786408066749572754e-03
9.716693162918090820e-01
4.111910462379455566e-01
1.564915408380329609e-03
9.716693162918090820e-01
8.577549457550048828e-01
9.814500212669372559e-01
1.564915408380329609e-03
3.392240405082702637e-01
1.822553807869553566e-03
9.103799462318420410e-01
6.451459228992462158e-02
1.469493727199733257e-03
9.811065196990966797e-01
8.799404501914978027e-01
6.049352288246154785e-01
8.182408213615417480e-01
9.901334047317504883e-01
9.986736178398132324e-01
9.889119863510131836e-01
3.645107615739107132e-03
1.736674341373145580e-03
9.994656443595886230e-01
9.814500212669372559e-01
9.985877871513366699e-01
1.622168347239494324e-03
1.622168347239494324e-03
9.811065196990966797e-01
1.564915408380329609e-03
8.577549457550048828e-01
6.756617426872253418e-01
6.776846945285797119e-02
6.641730070114135742e-01
4.040153324604034424e-01
6.641920804977416992e-01
1.469493727199733257e-03
1.469493727199733257e-03
7.110822945833206177e-02
9.838927984237670898e-01
8.801217675209045410e-01
8.670775890350341797e-01
1.564915408380329609e-03
9.985877871513366699e-01
4.960972443222999573e-02
1.335903361905366182e-04
1.469493727199733257e-03
8.799404501914978027e-01
1.431324984878301620e-03
8.577549457550048828e-01
1.622168347239494324e-03
1.622168347239494324e-03
9.986736178398132324e-01
9.964980483055114746e-01
9.814500212669372559e-01
1.564915408380329609e-03
1.001927535980939865e-03
1.822553807869553566e-03
4.112005829811096191e-01
